time,I_bus_1,I_bus_2,I_bus_3
0,8.08e-07,8.08e-07,8.08e-07
3.1554e-30,8.08e-07,8.08e-07,8.08e-07
2.114e-10,0.00017162,0.00020176,0.00014934
1.2684e-09,0.0010257,0.0012065,0.00089198
6.5533e-09,0.0052958,0.0062303,0.0046052
3.2978e-08,0.026646,0.031348,0.023171
1.651e-07,0.13338,0.15693,0.11599
8.2571e-07,0.6667,0.78447,0.57996
4.1288e-06,3.3239,3.9134,2.896
2.0644e-05,16.363,19.315,14.372
9.6777e-05,70.022,83.128,64.156
0.00023349,135.41,159.44,134.89
0.00041242,171.1,197.7,187.85
0.00056745,176.79,202.22,206.8
0.00074645,171.53,195.56,211.48
0.00096093,159.74,182.56,205.7
0.0012298,143.46,165.04,191.86
0.0015571,124.49,144.55,172.35
0.0019786,102.23,120.22,147.17
0.0024712,79.203,94.675,119.58
0.0030218,57.163,69.713,91.837
0.003649,36.811,45.978,64.624
0.0043675,19.651,25.134,39.533
0.0051784,7.5373,9.5964,19.158
0.0060909,1.1442,0.79934,5.6175
0.0071266,-0.62979,-1.9488,-0.52849
0.008351,-0.17477,-1.4627,-1.2962
0.0098898,0.41118,-0.63566,-0.32332
0.010786,0.4588,-0.51875,-0.044377
0.011683,0.46314,-0.53313,0.013778
0.01283,0.38668,-0.54182,-0.014563
0.01383,0.44843,-0.59551,-0.046952
0.014831,0.34639,-0.54354,-0.051119
0.01585,0.45909,-0.59662,-0.058669
0.016864,0.32031,-0.51953,-0.047618
0.017863,0.45817,-0.5854,-0.055192
0.018868,0.3199,-0.5118,-0.045326
0.019911,0.45428,-0.57527,-0.054206
0.021002,0.28206,-0.48672,-0.041875
0.022117,0.48534,-0.57803,-0.056917
0.023121,0.34143,-0.51329,-0.044883
0.024043,0.34206,-0.50651,-0.049077
0.024867,0.36667,-0.52092,-0.049941
0.025759,0.35236,-0.50694,-0.047956
0.026917,0.38702,-0.52071,-0.047959
0.027904,0.31251,-0.47781,-0.042697
0.028891,0.39183,-0.51645,-0.04724
0.029921,0.28477,-0.45795,-0.040283
0.030955,0.42,-0.52424,-0.048736
0.031951,0.26153,-0.44033,-0.038123
0.032927,0.3963,-0.5053,-0.046778
0.033941,0.27199,-0.43998,-0.038148
0.035028,0.41004,-0.50454,-0.047488
0.036161,0.20258,-0.40047,-0.032065
0.03722,0.40095,-0.48717,-0.048127
0.03815,0.32068,-0.45731,-0.041109
0.039013,0.30172,-0.44354,-0.042795
0.039877,0.3185,-0.44956,-0.042579
0.040917,0.28917,-0.42836,-0.039073
0.042131,0.40903,-0.48901,-0.04497
0.04296,0.2746,-0.41513,-0.03645
0.043789,0.30827,-0.43022,-0.038251
0.044919,0.27625,-0.41075,-0.036073
0.046322,0.50318,-0.52464,-0.050488
0.047091,0.26382,-0.39896,-0.034884
0.047859,0.29184,-0.41103,-0.036363
0.049064,0.27227,-0.39797,-0.034909
0.050277,0.33216,-0.42572,-0.038563
0.05149,0.095359,-0.3034,-0.022959
0.052503,0.46649,-0.48666,-0.047185
0.05334,0.22013,-0.36094,-0.03053
0.054235,0.29399,-0.39607,-0.035418
0.055384,0.22062,-0.3571,-0.030176
0.056703,0.46144,-0.46853,-0.047468
0.057555,0.2122,-0.34591,-0.0289
0.058407,0.27231,-0.37639,-0.034412
0.05955,0.25093,-0.36482,-0.032043
0.060556,0.23436,-0.35006,-0.031323
0.061561,0.29713,-0.38307,-0.033996
0.062537,0.19111,-0.32474,-0.027783
0.063463,0.28934,-0.37351,-0.033391
0.064405,0.21148,-0.3309,-0.028335
0.065434,0.28766,-0.36752,-0.032895
0.066529,0.15285,-0.29703,-0.024013
0.067573,0.3515,-0.39451,-0.036881
0.068526,0.1577,-0.29526,-0.023766
0.069474,0.28148,-0.3547,-0.03205
0.070537,0.17267,-0.29916,-0.02432
0.071726,0.34511,-0.37822,-0.036977
0.072844,0.13126,-0.27985,-0.018727
0.073773,0.21331,-0.3089,-0.031171
0.074539,0.2048,-0.31532,-0.031007
0.075358,0.22026,-0.31723,-0.031652
0.076703,0.21892,-0.31058,-0.02759
0.077678,0.19729,-0.29509,-0.025528
0.078654,0.23987,-0.31682,-0.027375
0.079702,0.1545,-0.2707,-0.022442
0.080734,0.29299,-0.34049,-0.03083
0.081682,0.13856,-0.25941,-0.021041
0.082592,0.24229,-0.30991,-0.027399
0.083578,0.16668,-0.26989,-0.022346
0.08469,0.27034,-0.31971,-0.029078
0.085817,0.058808,-0.21246,-0.014623
0.086831,0.32691,-0.34134,-0.032961
0.087783,0.12126,-0.24016,-0.018454
0.088793,0.24271,-0.29694,-0.027765
0.089875,0.16349,-0.26098,-0.020677
0.090957,0.12304,-0.23477,-0.021821
0.091849,0.24276,-0.2994,-0.027115
0.092616,0.18253,-0.26482,-0.024518
0.09349,0.18456,-0.26285,-0.02364
0.094851,0.14717,-0.23968,-0.020338
0.095793,0.21075,-0.27154,-0.023501
0.096734,0.15119,-0.23932,-0.019855
0.097794,0.22222,-0.27395,-0.024188
0.098909,0.067365,-0.19438,-0.014262
0.099924,0.29303,-0.30593,-0.028746
0.10083,0.11112,-0.21306,-0.01661
0.10175,0.20226,-0.2569,-0.022573
0.10283,0.11766,-0.21361,-0.016724
0.10404,0.29939,-0.29928,-0.029532
0.10519,-0.040905,-0.13225,-0.0033618
0.10614,0.23948,-0.25969,-0.027634
0.10698,0.14301,-0.22687,-0.021648
0.10786,0.1561,-0.22957,-0.023614
0.10893,0.17546,-0.23557,-0.021825
0.11013,0.026332,-0.15726,-0.011929
0.11091,0.16862,-0.2279,-0.019296
0.11169,0.15195,-0.21721,-0.018219
0.11287,0.16008,-0.21999,-0.018536
0.11406,0.10652,-0.19114,-0.015384
0.11526,0.32053,-0.30093,-0.028648
0.11623,-0.024681,-0.1248,-0.0069345
0.11702,0.17344,-0.2212,-0.019051
0.11787,0.13533,-0.20032,-0.016421
0.11904,0.1705,-0.21675,-0.018686
0.12015,0.084974,-0.17287,-0.013137
0.12126,0.24218,-0.24916,-0.023597
0.1223,0.015669,-0.13582,-0.0079695
0.12327,0.22206,-0.23501,-0.022393
0.12429,0.067611,-0.15993,-0.011179
0.12536,0.18758,-0.21431,-0.021037
0.12642,0.13781,-0.19707,-0.014972
0.1274,0.055978,-0.15046,-0.014103
0.1282,0.13898,-0.19432,-0.018116
0.129,0.12646,-0.18414,-0.017093
0.13012,0.13756,-0.18717,-0.016254
0.13128,0.081961,-0.1571,-0.012408
0.13244,0.27569,-0.25672,-0.024168
0.1334,-0.017105,-0.10713,-0.0060074
0.13421,0.15024,-0.18865,-0.016209
0.13507,0.11067,-0.16732,-0.013549
0.13625,0.15345,-0.18767,-0.016295
0.13733,0.062251,-0.14127,-0.010344
0.13841,0.20633,-0.21114,-0.019947
0.13946,0.0075053,-0.11201,-0.0061957
0.14046,0.20666,-0.20732,-0.020202
0.1415,0.03446,-0.12399,-0.0074887
0.14255,0.16327,-0.18248,-0.018459
0.14356,0.12311,-0.16977,-0.013309
0.14451,0.056816,-0.13212,-0.012525
0.14534,0.12329,-0.16648,-0.015516
0.1462,0.10093,-0.15196,-0.013691
0.14731,0.13119,-0.16555,-0.014378
0.14861,-0.075518,-0.061929,-0.0016031
0.14938,0.12482,-0.1606,-0.013535
0.15015,0.10289,-0.14792,-0.012096
0.15135,0.11285,-0.15203,-0.012629
0.15256,0.056926,-0.12291,-0.0092658
0.15378,0.28664,-0.23905,-0.023835
0.15477,-0.090966,-0.049195,0.00040259
0.15556,0.13459,-0.15889,-0.013786
0.15641,0.087204,-0.13419,-0.010582
0.15757,0.127,-0.15321,-0.013261
0.15895,-0.13891,-0.021266,0.0046028
0.15977,0.1498,-0.16191,-0.014847
0.16058,0.081576,-0.12826,-0.010301
0.16174,0.12341,-0.14776,-0.013138
0.16318,-0.15254,-0.012418,0.0069511
0.16401,0.15648,-0.15891,-0.015391
0.16483,0.073435,-0.12171,-0.0099957
0.166,0.11567,-0.14045,-0.013216
0.16742,0.015,-0.10719,-0.0021733
0.16809,0.15601,-0.16137,-0.015685
0.16875,0.087829,-0.12604,-0.011509
0.16981,0.085612,-0.12295,-0.01063
0.17136,0.040324,-0.097505,-0.0080253
0.17221,0.10368,-0.13018,-0.010786
0.17306,0.074976,-0.11463,-0.0093342
0.17416,0.10476,-0.12907,-0.011024
0.17546,-0.083877,-0.034819,0.00044805
0.17625,0.10577,-0.12819,-0.010996
0.17703,0.076392,-0.11217,-0.0090604
0.17821,0.093193,-0.11988,-0.010031
0.17939,0.027985,-0.086641,-0.0059554
0.18058,0.24046,-0.19218,-0.019728
0.18158,-0.092988,-0.025866,0.0022831
0.18242,0.12659,-0.13296,-0.012141
0.18332,0.052913,-0.096255,-0.0071891
0.18445,0.11894,-0.12778,-0.011773
0.18575,-0.11098,-0.015284,0.004972
0.18663,0.13761,-0.13259,-0.013377
0.1875,0.051721,-0.094257,-0.0074318
0.18862,0.084326,-0.10788,-0.010487
0.18992,0.15611,-0.16182,-0.011516
0.19059,0.12235,-0.12994,-0.012877
0.19125,0.068455,-0.099944,-0.0091249
0.19241,0.073589,-0.10035,-0.0085092
0.19371,0.023895,-0.074593,-0.0052681
0.19466,0.10576,-0.11562,-0.010102
0.19561,0.034669,-0.079152,-0.0057721
0.19666,0.1155,-0.11891,-0.010854
0.19776,-0.035003,-0.043728,-0.0010735
0.19879,0.18218,-0.15005,-0.015351
0.19972,-0.0051577,-0.057124,-0.0026864
0.20067,0.10753,-0.11173,-0.010423
0.20176,0.0015189,-0.05982,-0.0028642
0.20297,0.19703,-0.15075,-0.017852
0.20406,-0.024016,-0.049847,0.0020762
0.20496,0.054595,-0.083424,-0.011781
0.20571,0.041519,-0.085948,-0.011374
0.20655,0.061179,-0.090476,-0.011785
0.20803,0.052758,-0.082429,-0.0065835
0.20891,0.053816,-0.079606,-0.006712
0.20978,0.062862,-0.08525,-0.0067074
0.21092,0.030475,-0.068096,-0.0051818
0.21194,0.09829,-0.10234,-0.0090775
0.21295,-0.0021934,-0.051215,-0.0030261
0.21395,0.12249,-0.1131,-0.010711
0.21492,-0.0061182,-0.048336,-0.0024554
0.2159,0.10743,-0.10391,-0.0097561
0.21691,-0.0047567,-0.048077,-0.0022783
0.21798,0.13483,-0.11568,-0.011756
0.21905,-0.051191,-0.024387,0.0013471
0.22009,0.15749,-0.12321,-0.013941
0.22112,-0.019148,-0.040175,-0.00015116
0.22211,0.064607,-0.0779,-0.0092038
0.22307,0.078498,-0.090736,-0.0082269
0.22397,0.020042,-0.05826,-0.0060734
0.22486,0.066911,-0.081111,-0.0078023
0.22585,0.024625,-0.058141,-0.0046633
0.22698,0.12006,-0.10587,-0.010031
0.22807,-0.10303,0.0049661,0.0038828
0.22899,0.13686,-0.113,-0.011228
0.22983,0.020453,-0.054167,-0.0036048
0.23079,0.069098,-0.077818,-0.0067545
0.232,-0.025677,-0.030923,-0.00045294
0.23323,0.29186,-0.18384,-0.022336
0.23423,-0.15152,0.03513,0.0094067
0.23511,0.11422,-0.096668,-0.011033
0.23603,0.015382,-0.051768,-0.0042878
0.23713,0.062032,-0.071271,-0.0081534
0.23835,0.11126,-0.10958,-0.0074096
0.23905,0.077016,-0.081679,-0.0086257
0.23975,0.039088,-0.060933,-0.005942
0.24115,0.073764,-0.07573,-0.0072758
0.24218,0.00059395,-0.039401,-0.0020771
0.24322,0.09297,-0.084466,-0.0081633
0.24434,-0.05461,-0.011801,0.0019168
0.24543,0.17822,-0.12312,-0.014447
0.24644,-0.069221,-0.0033649,0.0037291
0.24742,0.097179,-0.082486,-0.010009
0.2484,0.027694,-0.053554,-0.0038461
0.24942,0.0002695,-0.037048,-0.0045421
0.25036,0.087962,-0.083061,-0.0081389
0.25122,0.014354,-0.043644,-0.004015
0.25213,0.054101,-0.062785,-0.00573
0.25322,-0.00089993,-0.034467,-0.002055
0.2544,0.17382,-0.1223,-0.012936
0.25543,-0.13866,0.03279,0.0069772
0.25626,0.087357,-0.077249,-0.0073824
0.25711,0.019676,-0.043217,-0.002886
0.2582,0.065199,-0.065445,-0.0059643
0.25952,-0.12336,0.027056,0.0068701
0.26041,0.10324,-0.08235,-0.0087661
0.26131,0.0069381,-0.036211,-0.0021066
0.26248,0.088911,-0.074828,-0.008273
0.26379,-0.10583,0.0096794,0.0089474
0.26452,0.085784,-0.074062,-0.0087156
0.26525,0.025065,-0.046454,-0.0053332
0.26652,0.062905,-0.062732,-0.0069116
0.26764,-0.024797,-0.018374,1.4058e-05
0.26876,0.13079,-0.092673,-0.010687
0.26989,-0.11102,0.023922,0.0077407
0.2709,0.11019,-0.077218,-0.011442
0.27181,0.025475,-0.045834,-0.0041879
0.27268,0.020253,-0.042439,-0.0065148
0.2736,0.042788,-0.052424,-0.0063002
0.27466,-0.0061836,-0.025261,-0.0022057
0.27578,0.13494,-0.097124,-0.0098006
0.27676,-0.088176,0.01492,0.0038181
0.27761,0.067481,-0.061297,-0.0056847
0.27849,0.012894,-0.033476,-0.0021944
0.27959,0.062284,-0.057763,-0.0054003
0.28086,-0.13102,0.037271,0.0073138
0.28171,0.081895,-0.066553,-0.0068197
0.28257,0.010338,-0.031393,-0.0020091
0.28371,0.064338,-0.057406,-0.0057436
0.28506,-0.17271,0.057608,0.011576
0.28592,0.091518,-0.067264,-0.0078927
0.28678,0.0077091,-0.030258,-0.0021953
0.28791,0.044809,-0.04679,-0.0054426
0.28925,0.075123,-0.080143,-0.0033947
0.28991,0.08653,-0.071135,-0.0081263
0.29057,0.02636,-0.038632,-0.0041288
0.29167,0.026615,-0.037108,-0.0032625
0.2931,-0.016913,-0.014567,-0.0007272
0.29399,0.051481,-0.049488,-0.0042619
0.29488,0.0095548,-0.027889,-0.001979
0.29595,0.056672,-0.051355,-0.0048108
0.29716,-0.10757,0.029807,0.0054098
0.298,0.064885,-0.054894,-0.0053577
0.29885,0.011243,-0.027753,-0.0018594
0.29996,0.050718,-0.047058,-0.0044177
0.30131,-0.16098,0.05676,0.0097005
0.30214,0.075473,-0.058344,-0.0061468
0.30298,0.0082118,-0.025568,-0.0016377
0.30414,0.056979,-0.049056,-0.0050277
0.30554,-0.21022,0.08026,0.01463
0.30637,0.085357,-0.059418,-0.0071718
0.3072,0.005419,-0.02458,-0.0019708
0.30836,0.045202,-0.042695,-0.0051243
0.30978,-0.012733,-0.032195,0.0032888
0.31043,0.09284,-0.069107,-0.0080886
0.31108,0.023694,-0.032997,-0.0037733
0.31212,0.018826,-0.029128,-0.0026945
0.31405,-0.051398,0.0070279,-0.0024116
0.31473,-0.037076,-0.00045865,0.0015673
0.3154,0.021321,-0.029658,-0.0023772
0.31655,0.013917,-0.025655,-0.0020451
0.31784,0.067741,-0.052675,-0.0051697
0.31878,-0.0188,-0.0090151,7.8978e-05
0.31972,0.048017,-0.042049,-0.0040194
0.32079,-0.030157,-0.0031474,0.00098427
0.32193,0.13479,-0.084308,-0.0098311
0.32296,-0.12054,0.041433,0.0073051
0.32388,0.090708,-0.061231,-0.0070368
0.32482,-0.023075,-0.0061983,0.00080382
0.32592,0.079392,-0.055056,-0.0067075
0.32716,-0.11744,0.036669,0.0093816
0.328,0.053593,-0.040411,-0.0057261
0.32883,0.0083126,-0.0234,-0.0027309
0.32996,0.012499,-0.023068,-0.0033589
0.33099,0.048339,-0.041703,-0.0038569
0.33202,-0.054078,0.010509,0.0017642
0.33297,0.079846,-0.056984,-0.0058158
0.33385,-0.014701,-0.0086171,-0.00013714
0.33479,0.041654,-0.036353,-0.0034795
0.33589,-0.036069,0.0022986,0.0014838
0.33704,0.15325,-0.09123,-0.010866
0.33805,-0.12828,0.047623,0.0078621
0.33893,0.074741,-0.051249,-0.0057413
0.33986,-0.016128,-0.0070973,0.00042985
0.34098,0.071754,-0.049287,-0.005861
0.34225,-0.15192,0.057566,0.011402
0.3431,0.06444,-0.042697,-0.0059745
0.34396,0.0021144,-0.017514,-0.0017484
0.34508,0.014086,-0.021315,-0.0032875
0.3461,0.042738,-0.036833,-0.0033145
0.34711,-0.047437,0.0094855,0.0013651
0.34805,0.069195,-0.049464,-0.0050802
0.34895,-0.016736,-0.0054332,4.701e-05
0.3499,0.042284,-0.034554,-0.0034135
0.351,-0.042775,0.0077402,0.0020056
0.35212,0.14087,-0.08306,-0.009907
0.35311,-0.10865,0.040104,0.0066136
0.354,0.068549,-0.046228,-0.0052042
0.35495,-0.021046,-0.0025929,0.00088369
0.35608,0.075849,-0.049146,-0.0060294
0.35731,-0.15166,0.059931,0.01139
0.35818,0.06382,-0.040428,-0.0058652
0.35904,-0.00052917,-0.014234,-0.0014221
0.36016,0.0097175,-0.017168,-0.0029525
0.36115,0.040328,-0.033621,-0.0031222
0.36215,-0.038958,0.0072948,0.0010412
0.3631,0.062544,-0.04401,-0.0045534
0.36403,-0.025227,0.00068337,0.00071974
0.365,0.049242,-0.036179,-0.0037408
0.36606,-0.047103,0.01168,0.0024003
0.36713,0.11038,-0.065941,-0.007819
0.36813,-0.085164,0.03044,0.0051686
0.36907,0.073701,-0.046884,-0.0055238
0.37006,-0.037887,0.0073678,0.0021703
0.37116,0.087621,-0.052594,-0.0069253
0.37236,-0.13334,0.052045,0.010611
0.3734,0.071468,-0.038527,-0.0093606
0.37426,0.014224,-0.023356,-0.0036291
0.37504,0.013008,-0.023958,-0.0068093
0.37595,0.0095489,-0.018562,-0.0047367
0.37734,-0.032566,0.0068952,-1.907e-06
0.3782,0.03272,-0.026511,-0.0022247
0.37907,0.00082893,-0.010229,-0.00049044
0.38015,0.035347,-0.027723,-0.0026099
0.38142,-0.14013,0.058444,0.007957
0.38222,0.040761,-0.030382,-0.003081
0.38303,0.0042478,-0.011598,-0.00072946
0.38418,0.028532,-0.023627,-0.0022379
0.38534,-0.04457,0.012405,0.002401
0.38651,0.16112,-0.088776,-0.011193
0.38752,-0.14609,0.062404,0.0095193
0.3884,0.070533,-0.043095,-0.0052455
0.38933,-0.024228,0.0024984,0.0012355
0.39048,0.071568,-0.043151,-0.0057799
0.39176,-0.16531,0.066666,0.013643
0.39256,0.056408,-0.033935,-0.0054918
0.39335,-0.0029587,-0.010305,-0.0020179
0.39453,0.024385,-0.021377,-0.0037353
0.39572,0.015276,-0.018912,-0.00060938
0.39657,-0.00013424,-0.0077431,-0.0010392
0.39743,0.014469,-0.01621,-0.0014699
0.39852,-0.012082,-0.0022429,-6.358e-05
0.39979,0.15525,-0.088896,-0.0098949
0.40056,-0.008254,-0.0043084,-0.00013442
0.40133,0.010284,-0.013035,-0.00098659
0.40254,-0.00098924,-0.0072272,-0.00033974
0.40374,0.053668,-0.034942,-0.0036618
0.40495,-0.18343,0.080982,0.010819
0.40593,0.18386,-0.10079,-0.012343
0.40671,-0.021912,0.0033006,0.0011306
0.40756,0.018402,-0.016259,-0.001278
0.40874,-0.022763,0.0037877,0.0012626
0.40984,0.066167,-0.039872,-0.0047736
0.41095,-0.094245,0.038625,0.0061419
0.412,0.13302,-0.070442,-0.0097351
0.413,-0.086333,0.03518,0.0061863
0.41401,0.069364,-0.038871,-0.006338
0.41503,-0.011953,-0.0039175,0.0010027
0.41606,-0.037367,0.011035,-0.00078244
0.41697,0.052624,-0.03676,-0.0044282
0.41779,-0.0061826,-0.0052029,-0.001482
0.4187,0.017089,-0.015909,-0.0020547
0.41988,-0.036381,0.011469,0.0016658
0.42085,0.050986,-0.032181,-0.0034636
0.42183,-0.03473,0.010544,0.0018851
0.42287,0.065176,-0.038776,-0.0045413
0.42393,-0.08318,0.034215,0.0051957
0.42495,0.10409,-0.057019,-0.0073407
0.42592,-0.065133,0.025564,0.0042802
0.42692,0.067973,-0.038681,-0.0051906
0.42804,-0.078519,0.031291,0.0058258
0.42916,0.089355,-0.045598,-0.0089
0.43015,0.022084,-0.021078,-0.00032785
0.43102,-0.01899,-0.001027,-0.0033688
0.4318,0.003745,-0.01272,-0.0041096
0.43274,0.0025047,-0.0083816,-0.0025911
0.43412,0.07039,-0.042287,-0.0043448
0.43495,-0.010632,-0.00011114,0.00035321
0.43577,0.010606,-0.01093,-0.00077541
0.43695,-0.013111,0.00097018,0.00049311
0.43806,0.053355,-0.032387,-0.003617
0.43916,-0.10226,0.044379,0.0061263
0.44017,0.12142,-0.065875,-0.0082126
0.44106,-0.048099,0.018231,0.0029629
0.44198,0.036565,-0.023155,-0.0026218
0.44307,-0.043427,0.015814,0.0027924
0.44428,0.14428,-0.074121,-0.010515
0.4454,-0.19677,0.092135,0.015229
0.44636,0.10484,-0.04924,-0.0096339
0.44722,-0.017534,-0.00090853,-0.001059
0.44816,0.0015571,-0.0087702,-0.0039514
0.44922,0.037794,-0.026554,-0.0036461
0.45029,-0.098768,0.042877,0.0045138
0.45121,0.078423,-0.04578,-0.0051111
0.45203,-0.013594,0.0017105,0.00040658
0.45295,0.01812,-0.013788,-0.0013495
0.45414,-0.044822,0.017393,0.0025871
0.45513,0.054259,-0.031656,-0.0037235
0.45611,-0.041351,0.015588,0.0024841
0.45717,0.071408,-0.039531,-0.0050131
0.45826,-0.098332,0.043436,0.0066183
0.4593,0.11711,-0.059984,-0.0085134
0.46031,-0.083444,0.036244,0.0061235
0.46133,0.064992,-0.033851,-0.0060264
0.46235,-0.007817,-0.00367,0.0010112
0.46336,-0.046236,0.017666,-0.00015043
0.46423,0.037199,-0.026239,-0.0036542
0.46506,-0.0059528,-0.0025675,-0.0013001
0.46603,0.016932,-0.013111,-0.0017598
0.46726,-0.066056,0.028544,0.0036627
0.46816,0.04264,-0.025534,-0.0027935
0.46905,-0.015782,0.0037552,0.00083155
0.47014,0.04164,-0.024646,-0.0028597
0.47135,-0.13178,0.060322,0.0084744
0.47243,0.21733,-0.10977,-0.014856
0.4733,-0.07852,0.034998,0.0052924
0.47418,0.034493,-0.020666,-0.0026463
0.47526,-0.038223,0.014328,0.0024927
0.47656,0.15131,-0.074408,-0.012159
0.47743,-0.033981,0.013924,0.0028012
0.47831,0.011575,-0.010426,-0.0023162
0.47939,0.015226,-0.013743,-0.00155
0.48036,-0.023066,0.0078832,0.00028326
0.48132,0.037118,-0.022929,-0.0025068
0.48232,-0.043646,0.017925,0.0022659
0.48333,0.06715,-0.037484,-0.0043813
0.48432,-0.063158,0.027422,0.0037811
0.48528,0.059199,-0.032811,-0.0039816
0.48626,-0.047282,0.019744,0.0029871
0.48731,0.068031,-0.036595,-0.004721
0.48838,-0.089074,0.040078,0.0060734
0.48944,0.11272,-0.056601,-0.008222
0.49048,-0.094854,0.042905,0.0072095
0.49149,0.062035,-0.030643,-0.0060918
0.49247,0.00068784,-0.0069334,0.00010642
0.49345,-0.039272,0.014923,-0.00042947
0.49433,0.030477,-0.021157,-0.0032673
0.4952,-0.01206,0.0020989,-0.000545
0.49621,0.026537,-0.016646,-0.0020303
0.49738,-0.083112,0.037799,0.0048998
0.49848,0.18579,-0.097369,-0.012045
0.49937,-0.083887,0.037854,0.0052616
0.50018,0.023619,-0.014396,-0.0014716
0.50082,4.7466,4.5162,2.3199
0.50145,9.9332,11.187,7.6663
0.50222,10.812,13.958,12.89
0.50317,9.8826,13.308,14.592
0.50411,10.074,13.324,14.341
0.50547,10.284,13.605,14.493
0.50687,10.455,13.653,14.719
0.50774,10.379,13.679,14.779
0.5086,10.357,13.696,14.808
0.50971,10.356,13.67,14.834
0.51099,10.44,13.58,14.854
0.51185,10.349,13.616,14.883
0.51271,10.307,13.619,14.904
0.5138,10.302,13.591,14.925
0.51506,10.367,13.51,14.941
0.51595,10.293,13.535,14.966
0.51683,10.254,13.536,14.987
0.51791,10.249,13.508,15.007
0.51914,10.306,13.434,15.022
0.52004,10.238,13.454,15.046
0.52093,10.2,13.455,15.067
0.522,10.195,13.428,15.086
0.52322,10.245,13.36,15.102
0.52432,10.301,13.294,15.115
0.52523,10.203,13.334,15.142
0.52607,10.136,13.356,15.165
0.52704,10.117,13.343,15.184
0.52822,10.135,13.299,15.202
0.52941,10.221,13.21,15.213
0.53041,10.187,13.207,15.234
0.53124,10.085,13.253,15.26
0.53213,10.047,13.256,15.28
0.53321,10.044,13.23,15.299
0.53444,10.102,13.159,15.312
0.53555,10.164,13.091,15.323
0.53644,10.053,13.142,15.351
0.53726,9.9858,13.167,15.373
0.53824,9.9676,13.155,15.392
0.53943,9.9886,13.111,15.409
0.54063,10.084,13.017,15.417
0.54162,10.044,13.021,15.438
0.54244,9.9365,13.073,15.464
0.54332,9.8998,13.077,15.483
0.54441,9.8974,13.053,15.501
0.54565,9.9608,12.98,15.513
0.54653,9.8873,13.009,15.536
0.54741,9.849,13.015,15.555
0.54848,9.8445,12.993,15.572
0.54971,9.8991,12.927,15.585
0.55082,9.9653,12.858,15.594
0.55172,9.8592,12.909,15.621
0.55254,9.7905,12.937,15.642
0.55351,9.7717,12.929,15.659
0.55469,9.7905,12.889,15.675
0.5559,9.8841,12.799,15.682
0.55689,9.8529,12.799,15.701
0.55771,9.7449,12.854,15.727
0.55859,9.7072,12.861,15.744
0.55967,9.7039,12.841,15.761
0.5609,9.7636,12.773,15.772
0.56179,9.6957,12.801,15.794
0.56267,9.659,12.808,15.811
0.56374,9.6555,12.788,15.827
0.56496,9.7081,12.726,15.838
0.56607,9.7674,12.664,15.847
0.56696,9.6682,12.713,15.872
0.56779,9.6031,12.741,15.892
0.56876,9.5853,12.734,15.909
0.56994,9.6047,12.697,15.923
0.57113,9.6932,12.612,15.929
0.57212,9.6612,12.615,15.947
0.57295,9.5594,12.668,15.971
0.57383,9.5235,12.676,15.988
0.57491,9.5213,12.657,16.003
0.57614,9.5804,12.592,16.013
0.57702,9.5135,12.622,16.033
0.5779,9.4775,12.631,16.05
0.57897,9.4743,12.613,16.065
0.58019,9.5263,12.554,16.075
0.58129,9.5852,12.493,16.082
0.58219,9.4885,12.543,16.106
0.58302,9.4245,12.572,16.125
0.58398,9.4072,12.567,16.141
0.58516,9.4268,12.532,16.154
0.58635,9.5141,12.45,16.158
0.58734,9.4838,12.455,16.175
0.58817,9.3837,12.509,16.198
0.58904,9.3485,12.518,16.214
0.59012,9.3467,12.501,16.228
0.59135,9.4054,12.438,16.236
0.59223,9.3401,12.469,16.256
0.59312,9.3049,12.479,16.272
0.59419,9.3023,12.462,16.286
0.5954,9.3541,12.406,16.294
0.5965,9.4121,12.348,16.3
0.59739,9.3176,12.398,16.323
0.59822,9.2549,12.428,16.342
0.59919,9.2383,12.425,16.356
0.60036,9.2583,12.391,16.367
0.60155,9.3447,12.312,16.37
0.60254,9.315,12.318,16.386
0.60337,9.217,12.372,16.409
0.60424,9.1826,12.383,16.424
0.60532,9.1814,12.367,16.437
0.60655,9.24,12.307,16.443
0.60743,9.1758,12.338,16.462
0.60831,9.1414,12.349,16.477
0.60938,9.1394,12.335,16.49
0.61059,9.1911,12.28,16.496
0.61169,9.2489,12.223,16.501
0.61258,9.1561,12.275,16.524
0.61341,9.0944,12.306,16.541
0.61438,9.0784,12.303,16.554
0.61555,9.0988,12.272,16.565
0.61674,9.1847,12.194,16.566
0.61772,9.1559,12.201,16.581
0.61855,9.0593,12.257,16.603
0.61943,9.0257,12.268,16.617
0.6205,9.0251,12.254,16.629
0.62173,9.0836,12.195,16.634
0.62261,9.0205,12.228,16.652
0.62349,8.9869,12.24,16.666
0.62456,8.9854,12.226,16.678
0.62576,9.0372,12.173,16.683
0.62686,9.0949,12.118,16.687
0.62776,9.0035,12.17,16.709
0.62858,8.9428,12.202,16.726
0.62955,8.9274,12.201,16.738
0.63072,8.9481,12.171,16.747
0.63191,9.0339,12.094,16.747
0.63289,9.0058,12.102,16.761
0.63372,8.9105,12.159,16.782
0.63459,8.8776,12.171,16.795
0.63567,8.8775,12.158,16.806
0.63689,8.9362,12.1,16.81
0.63777,8.874,12.134,16.828
0.63865,8.841,12.147,16.841
0.63972,8.8401,12.135,16.851
0.64093,8.892,12.083,16.856
0.64202,8.9498,12.029,16.858
0.64292,8.8596,12.082,16.879
0.64374,8.7998,12.115,16.895
0.64471,8.785,12.115,16.906
0.64588,8.8061,12.086,16.914
0.64706,8.8917,12.011,16.914
0.64805,8.8643,12.02,16.927
0.64888,8.7702,12.077,16.947
0.64975,8.738,12.09,16.959
0.65082,8.7384,12.078,16.969
0.65205,8.7972,12.022,16.972
0.65292,8.7359,12.056,16.989
0.6538,8.7036,12.07,17.001
0.65487,8.7032,12.058,17.011
0.65607,8.7553,12.007,17.014
0.65717,8.8132,11.955,17.015
0.65806,8.724,12.009,17.035
0.65889,8.6651,12.043,17.051
0.65985,8.6508,12.043,17.061
0.66102,8.6724,12.015,17.068
0.66221,8.7579,11.941,17.066
0.66319,8.7311,11.951,17.078
0.66402,8.6381,12.009,17.098
0.66489,8.6065,12.023,17.11
0.66596,8.6074,12.011,17.119
0.66719,8.6664,11.956,17.121
0.66806,8.6059,11.991,17.136
0.66894,8.5743,12.006,17.148
0.67001,8.5743,11.995,17.157
0.67121,8.6267,11.945,17.159
0.67231,8.6846,11.894,17.159
0.6732,8.5965,11.948,17.179
0.67403,8.5383,11.983,17.194
0.67499,8.5246,11.984,17.203
0.67615,8.5465,11.957,17.209
0.67734,8.632,11.884,17.206
0.67832,8.6059,11.894,17.217
0.67915,8.5138,11.953,17.237
0.68002,8.4828,11.967,17.248
0.68109,8.4842,11.957,17.256
0.68231,8.5433,11.902,17.257
0.68319,8.4837,11.938,17.272
0.68407,8.4526,11.953,17.283
0.68513,8.4531,11.944,17.29
0.68634,8.5056,11.894,17.292
0.68743,8.5637,11.844,17.291
0.68832,8.4765,11.899,17.31
0.68915,8.4191,11.934,17.324
0.69011,8.4059,11.936,17.333
0.69128,8.4282,11.909,17.338
0.69246,8.5136,11.837,17.334
0.69344,8.4881,11.848,17.345
0.69427,8.3969,11.907,17.363
0.69514,8.3665,11.923,17.374
0.69621,8.3683,11.913,17.381
0.69743,8.4276,11.859,17.381
0.69831,8.3687,11.896,17.395
0.69919,8.3382,11.911,17.406
0.70025,8.3391,11.902,17.413
0.70145,8.3918,11.854,17.413
0.70255,8.45,11.804,17.412
0.70344,8.3637,11.859,17.43
0.70426,8.307,11.895,17.443
0.70523,8.2942,11.897,17.452
0.70639,8.3169,11.872,17.456
0.70757,8.4023,11.8,17.451
0.70856,8.3773,11.812,17.461
0.70938,8.2871,11.872,17.479
0.71025,8.2572,11.887,17.489
0.71132,8.2594,11.878,17.495
0.71254,8.3188,11.825,17.494
0.71342,8.2606,11.862,17.508
0.7143,8.2306,11.878,17.518
0.71536,8.232,11.87,17.524
0.71656,8.2849,11.822,17.524
0.71766,8.3431,11.772,17.522
0.71854,8.2577,11.829,17.539
0.71937,8.2016,11.865,17.552
0.72033,8.1893,11.867,17.56
0.72149,8.2123,11.842,17.563
0.72268,8.2976,11.771,17.558
0.72366,8.2732,11.784,17.567
0.72448,8.1838,11.844,17.584
0.72535,8.1544,11.86,17.594
0.72643,8.157,11.851,17.6
0.72764,8.2166,11.799,17.598
0.72852,8.159,11.836,17.611
0.7294,8.1295,11.853,17.62
0.73046,8.1312,11.845,17.626
0.73166,8.1843,11.798,17.624
0.73275,8.2426,11.749,17.622
0.73364,8.158,11.805,17.639
0.73447,8.1025,11.842,17.651
0.73543,8.0906,11.845,17.658
0.73659,8.1139,11.821,17.661
0.73777,8.1993,11.75,17.655
0.73875,8.1753,11.763,17.663
0.73958,8.0866,11.823,17.681
0.74045,8.0577,11.84,17.689
0.74152,8.0607,11.832,17.694
0.74274,8.1204,11.78,17.692
0.74361,8.0635,11.818,17.705
0.74449,8.0344,11.835,17.713
0.74555,8.0365,11.827,17.718
0.74675,8.0897,11.78,17.716
0.74784,8.1482,11.731,17.713
0.74873,8.0643,11.789,17.73
0.74956,8.0093,11.825,17.742
0.75052,7.9979,11.829,17.748
0.75168,8.0214,11.805,17.75
0.75286,8.1068,11.735,17.743
0.75384,8.0833,11.748,17.751
0.75466,7.9953,11.809,17.768
0.75553,7.9668,11.826,17.776
0.75661,7.9702,11.818,17.781
0.75782,8.03,11.767,17.777
0.7587,7.9736,11.805,17.79
0.75957,7.945,11.822,17.798
0.76063,7.9474,11.815,17.802
0.76183,8.0008,11.769,17.8
0.76293,8.0593,11.72,17.796
0.76381,7.9761,11.778,17.812
0.76464,7.9217,11.815,17.824
0.7656,7.9106,11.819,17.83
0.76676,7.9344,11.795,17.831
0.76794,8.0198,11.725,17.823
0.76892,7.9967,11.739,17.831
0.76975,7.9094,11.8,17.847
0.77061,7.8813,11.817,17.855
0.77168,7.885,11.81,17.859
0.7729,7.9449,11.759,17.855
0.77378,7.8891,11.797,17.867
0.77465,7.8609,11.815,17.875
0.77571,7.8636,11.808,17.879
0.77691,7.9171,11.762,17.876
0.778,7.9757,11.714,17.871
0.77889,7.8932,11.772,17.887
0.77972,7.8392,11.809,17.898
0.78067,7.8285,11.813,17.904
0.78184,7.8526,11.79,17.905
0.78302,7.9379,11.72,17.896
0.784,7.9152,11.734,17.903
0.78482,7.8285,11.796,17.92
0.78569,7.8009,11.813,17.927
0.78676,7.8048,11.806,17.931
0.78797,7.8649,11.755,17.926
0.78885,7.8095,11.794,17.938
0.78972,7.7817,11.812,17.945
0.79078,7.7847,11.805,17.948
0.79198,7.8384,11.76,17.945
0.79307,7.897,11.712,17.94
0.79396,7.8151,11.77,17.955
0.79479,7.7616,11.807,17.966
0.79574,7.7512,11.812,17.971
0.79691,7.7755,11.789,17.972
0.79809,7.8608,11.72,17.963
0.79907,7.8385,11.734,17.969
0.79989,7.7524,11.795,17.985
0.80076,7.7251,11.813,17.992
0.80183,7.7293,11.806,17.995
0.80304,7.7895,11.756,17.99
0.80392,7.7346,11.795,18.002
0.80479,7.7071,11.813,18.009
0.80585,7.7105,11.807,18.012
0.80705,7.7642,11.761,18.007
0.80814,7.8229,11.713,18.002
0.80903,7.7415,11.772,18.017
0.80985,7.6885,11.81,18.028
0.81081,7.6784,11.814,18.032
0.81197,7.7029,11.791,18.032
0.81315,7.7882,11.722,18.023
0.81413,7.7662,11.736,18.029
0.81495,7.6807,11.799,18.045
0.81582,7.6537,11.817,18.051
0.81689,7.6582,11.81,18.054
0.8181,7.7184,11.759,18.049
0.81898,7.664,11.799,18.06
0.81985,7.6368,11.817,18.066
0.82091,7.6404,11.811,18.069
0.82211,7.6943,11.765,18.064
0.8232,7.753,11.718,18.058
0.82409,7.6722,11.776,18.073
0.82491,7.6196,11.815,18.084
0.82587,7.6098,11.82,18.088
0.82703,7.6345,11.797,18.087
0.82821,7.7197,11.728,18.077
0.82919,7.6981,11.742,18.084
0.83001,7.6131,11.805,18.099
0.83088,7.5864,11.823,18.105
0.83195,7.5912,11.816,18.108
0.83316,7.6515,11.766,18.102
0.83403,7.5974,11.805,18.112
0.83491,7.5706,11.824,18.119
0.83597,7.5744,11.818,18.121
0.83716,7.6284,11.773,18.116
0.83826,7.6871,11.725,18.109
0.83914,7.6068,11.784,18.124
0.83996,7.5546,11.822,18.134
0.84092,7.545,11.827,18.138
0.84208,7.5699,11.805,18.137
0.84326,7.6551,11.736,18.127
0.84424,7.6338,11.75,18.133
0.84506,7.5493,11.813,18.148
0.84593,7.5229,11.831,18.154
0.847,7.5279,11.825,18.156
0.84821,7.5883,11.775,18.15
0.84909,7.5346,11.814,18.16
0.84996,7.5081,11.833,18.166
0.85102,7.5122,11.827,18.168
0.85222,7.5662,11.782,18.163
0.85331,7.625,11.735,18.156
0.85419,7.5452,11.794,18.17
0.85501,7.4933,11.832,18.18
0.85597,7.4839,11.837,18.184
0.85713,7.509,11.815,18.183
0.85831,7.5942,11.746,18.172
0.85929,7.5731,11.761,18.178
0.86011,7.4891,11.823,18.192
0.86098,7.463,11.842,18.198
0.86205,7.4682,11.836,18.2
0.86326,7.5286,11.785,18.193
0.86413,7.4753,11.825,18.204
0.86501,7.4491,11.844,18.21
0.86606,7.4534,11.838,18.211
0.86726,7.5074,11.793,18.205
0.86835,7.5663,11.746,18.198
0.86924,7.4869,11.805,18.212
0.87006,7.4354,11.844,18.222
0.87102,7.4263,11.849,18.226
0.87218,7.4515,11.827,18.224
0.87336,7.5366,11.758,18.213
0.87433,7.5159,11.773,18.218
0.87516,7.4323,11.836,18.233
0.87602,7.4064,11.854,18.239
0.87709,7.4118,11.848,18.24
0.8783,7.4723,11.798,18.233
0.87918,7.4193,11.838,18.243
0.88005,7.3933,11.857,18.249
0.88111,7.3978,11.851,18.25
0.88231,7.452,11.806,18.244
0.8834,7.5108,11.759,18.237
0.88428,7.4319,11.818,18.251
0.8851,7.3807,11.857,18.26
0.88606,7.3718,11.862,18.263
0.88722,7.3971,11.84,18.262
0.8884,7.4822,11.771,18.25
0.88937,7.4617,11.786,18.255
0.8902,7.3785,11.849,18.27
0.89106,7.3529,11.868,18.275
0.89213,7.3585,11.861,18.276
0.89334,7.419,11.811,18.269
0.89422,7.3664,11.852,18.279
0.89509,7.3406,11.87,18.285
0.89615,7.3453,11.865,18.286
0.89734,7.3995,11.82,18.279
0.89843,7.4584,11.773,18.272
0.89932,7.3798,11.832,18.285
0.90014,7.3289,11.871,18.295
0.9011,7.3202,11.876,18.298
0.90226,7.3457,11.854,18.296
0.90344,7.4308,11.785,18.284
0.90441,7.4105,11.8,18.289
0.90523,7.3277,11.863,18.303
0.9061,7.3023,11.882,18.309
0.90717,7.3081,11.876,18.31
0.90838,7.3686,11.826,18.302
0.90925,7.3163,11.866,18.312
0.91013,7.2908,11.885,18.317
0.91118,7.2956,11.88,18.318
0.91238,7.3499,11.835,18.311
0.91347,7.4088,11.788,18.303
0.91435,7.3306,11.847,18.317
0.91518,7.28,11.886,18.326
0.91613,7.2715,11.892,18.329
0.91729,7.2971,11.869,18.327
0.91847,7.3821,11.8,18.315
0.91945,7.362,11.816,18.32
0.92027,7.2796,11.879,18.334
0.92113,7.2545,11.898,18.339
0.9222,7.2604,11.892,18.34
0.92341,7.321,11.842,18.332
0.92429,7.2689,11.882,18.341
0.92516,7.2436,11.901,18.347
0.92622,7.2486,11.895,18.347
0.92741,7.3029,11.85,18.34
0.9285,7.3618,11.803,18.332
0.92939,7.284,11.863,18.346
0.93021,7.2336,11.902,18.355
0.93117,7.2253,11.907,18.358
0.93232,7.251,11.885,18.355
0.9335,7.336,11.816,18.343
0.93448,7.3161,11.831,18.347
0.9353,7.2341,11.895,18.362
0.93617,7.2091,11.914,18.367
0.93723,7.2152,11.908,18.367
0.93844,7.2758,11.858,18.359
0.93932,7.224,11.898,18.368
0.94019,7.1989,11.917,18.374
0.94125,7.204,11.912,18.374
0.94244,7.2584,11.867,18.367
0.94353,7.3173,11.819,18.359
0.94442,7.2398,11.879,18.372
0.94524,7.1897,11.918,18.381
0.94619,7.1815,11.924,18.384
0.94735,7.2074,11.902,18.381
0.94853,7.2923,11.833,18.368
0.94951,7.2726,11.848,18.373
0.95033,7.1909,11.911,18.387
0.95119,7.1661,11.93,18.392
0.95226,7.1723,11.924,18.392
0.95347,7.233,11.874,18.384
0.95434,7.1814,11.914,18.393
0.95522,7.1565,11.934,18.398
0.95627,7.1618,11.928,18.398
0.95747,7.2162,11.883,18.391
0.95856,7.2751,11.836,18.383
0.95944,7.1979,11.896,18.396
0.96026,7.1481,11.935,18.405
0.96122,7.14,11.94,18.407
0.96238,7.166,11.918,18.404
0.96356,7.2509,11.849,18.392
0.96453,7.2314,11.864,18.396
0.96535,7.15,11.928,18.41
0.96622,7.1254,11.947,18.415
0.96729,7.1317,11.941,18.415
0.9685,7.1924,11.891,18.406
0.96937,7.1411,11.931,18.416
0.97024,7.1163,11.95,18.421
0.9713,7.1217,11.945,18.421
0.97249,7.1761,11.9,18.413
0.97358,7.2351,11.853,18.405
0.97447,7.1582,11.913,18.418
0.97529,7.1086,11.952,18.427
0.97624,7.1007,11.957,18.429
0.9774,7.1267,11.935,18.426
0.97858,7.2116,11.866,18.413
0.97955,7.1923,11.881,18.417
0.98038,7.1111,11.945,18.431
0.98124,7.0867,11.964,18.436
0.98231,7.0931,11.958,18.436
0.98352,7.1538,11.908,18.427
0.98439,7.1028,11.948,18.436
0.98526,7.0781,11.967,18.441
0.98632,7.0837,11.962,18.441
0.98752,7.1382,11.917,18.433
0.9886,7.1971,11.869,18.425
0.98949,7.1205,11.929,18.438
0.99031,7.0711,11.969,18.447
0.99127,7.0633,11.974,18.449
0.99242,7.0894,11.952,18.446
0.9936,7.1743,11.883,18.433
0.99458,7.1551,11.898,18.437
0.9954,7.0742,11.962,18.45
0.99626,7.05,11.981,18.455
0.99733,7.0565,11.975,18.455
0.99854,7.1173,11.925,18.446
0.99941,7.0664,11.965,18.455
1.0003,7.0419,11.984,18.46
1.0013,7.0476,11.979,18.46
1.0025,7.1021,11.934,18.452
1.0036,7.161,11.886,18.443
1.0045,7.0847,11.946,18.456
1.0053,7.0355,11.986,18.465
1.0063,7.0278,11.991,18.467
1.0074,7.054,11.969,18.464
1.0086,7.1389,11.9,18.451
1.0096,7.1198,11.915,18.454
1.0104,7.0392,11.979,18.468
1.0113,7.0151,11.998,18.473
1.0123,7.0218,11.992,18.473
1.0136,7.0825,11.941,18.464
1.0144,7.0318,11.982,18.473
1.0153,7.0075,12.001,18.477
1.0164,7.0133,11.996,18.477
1.0176,7.0678,11.95,18.469
1.0186,7.1268,11.903,18.46
1.0195,7.0507,11.963,18.473
1.0203,7.0016,12.002,18.482
1.0213,6.9941,12.008,18.484
1.0225,7.0204,11.986,18.48
1.0236,7.1052,11.916,18.467
1.0246,7.0863,11.932,18.471
1.0254,7.0059,11.995,18.484
1.0263,6.9819,12.014,18.489
1.0274,6.9887,12.008,18.489
1.0286,7.0495,11.958,18.48
1.0294,6.999,11.999,18.488
1.0303,6.9748,12.018,18.493
1.0314,6.9807,12.012,18.493
1.0326,7.0352,11.967,18.485
1.0337,7.0942,11.92,18.476
1.0345,7.0183,11.98,18.488
1.0354,6.9695,12.019,18.497
1.0363,6.9621,12.025,18.499
1.0375,6.9884,12.002,18.495
1.0386,7.0731,11.933,18.482
1.0396,7.0544,11.948,18.486
1.0404,6.9742,12.012,18.499
1.0413,6.9504,12.031,18.504
1.0424,6.9573,12.025,18.504
1.0436,7.018,11.975,18.494
1.0445,6.9677,12.015,18.503
1.0453,6.9437,12.034,18.508
1.0464,6.9497,12.029,18.507
1.0476,7.0042,11.983,18.499
1.0487,7.0632,11.936,18.49
1.0496,6.9875,11.996,18.503
1.0504,6.9389,12.035,18.511
1.0513,6.9316,12.041,18.513
1.0525,6.958,12.019,18.509
1.0537,7.0427,11.949,18.496
1.0546,7.0241,11.964,18.5
1.0555,6.9441,12.028,18.513
1.0563,6.9204,12.047,18.518
1.0574,6.9274,12.041,18.517
1.0586,6.9881,11.991,18.508
1.0595,6.938,12.031,18.517
1.0603,6.9141,12.051,18.521
1.0614,6.9201,12.045,18.521
1.0626,6.9747,12,18.512
1.0637,7.0337,11.952,18.503
1.0646,6.9582,12.012,18.516
1.0654,6.9097,12.051,18.524
1.0663,6.9025,12.057,18.526
1.0675,6.929,12.035,18.522
1.0687,7.0137,11.965,18.509
1.0696,6.9952,11.98,18.513
1.0705,6.9154,12.044,18.526
1.0713,6.8919,12.063,18.53
1.0724,6.8989,12.057,18.53
1.0736,6.9597,12.007,18.52
1.0745,6.9097,12.047,18.529
1.0753,6.8859,12.067,18.534
1.0764,6.892,12.061,18.533
1.0776,6.9466,12.015,18.524
1.0787,7.0056,11.968,18.515
1.0796,6.9304,12.028,18.528
1.0804,6.882,12.067,18.536
1.0813,6.8749,12.073,18.538
1.0825,6.9014,12.05,18.534
1.0837,6.986,11.981,18.521
1.0847,6.9677,11.996,18.524
1.0855,6.8881,12.06,18.538
1.0863,6.8647,12.079,18.542
1.0874,6.8718,12.073,18.542
1.0886,6.9326,12.022,18.532
1.0895,6.8828,12.063,18.541
1.0904,6.8591,12.082,18.545
1.0914,6.8653,12.076,18.544
1.0926,6.9199,12.031,18.536
1.0937,6.9788,11.983,18.527
1.0946,6.9038,12.043,18.539
1.0954,6.8556,12.083,18.548
1.0964,6.8486,12.088,18.549
1.0975,6.8751,12.066,18.545
1.0987,6.9597,11.996,18.532
1.0997,6.9415,12.011,18.535
1.1005,6.8621,12.075,18.549
1.1013,6.8388,12.094,18.553
1.1024,6.8459,12.088,18.552
1.1036,6.9067,12.037,18.543
1.1045,6.8571,12.078,18.551
1.1054,6.8335,12.097,18.556
1.1064,6.8398,12.092,18.555
1.1076,6.8944,12.046,18.546
1.1087,6.9533,11.998,18.537
1.1096,6.8785,12.058,18.55
1.1104,6.8304,12.098,18.558
1.1114,6.8235,12.103,18.56
1.1125,6.8501,12.081,18.556
1.1137,6.9346,12.011,18.542
1.1147,6.9165,12.026,18.545
1.1155,6.8373,12.09,18.559
1.1164,6.8141,12.109,18.563
1.1174,6.8213,12.103,18.562
1.1186,6.8821,12.052,18.553
1.1195,6.8326,12.093,18.561
1.1204,6.8091,12.112,18.566
1.1214,6.8154,12.106,18.565
1.1226,6.8701,12.061,18.556
1.1237,6.929,12.013,18.547
1.1246,6.8543,12.073,18.559
1.1254,6.8064,12.112,18.568
1.1264,6.7995,12.118,18.569
1.1275,6.8262,12.095,18.565
1.1287,6.9107,12.025,18.552
1.1297,6.8927,12.041,18.555
1.1305,6.8137,12.105,18.568
1.1314,6.7905,12.123,18.572
1.1324,6.7978,12.117,18.572
1.1336,6.8586,12.066,18.562
1.1345,6.8092,12.107,18.571
1.1354,6.7858,12.126,18.575
1.1364,6.7923,12.121,18.574
1.1376,6.8469,12.075,18.565
1.1387,6.9058,12.027,18.556
1.1396,6.8313,12.087,18.568
1.1404,6.7835,12.127,18.577
1.1414,6.7767,12.132,18.578
1.1425,6.8035,12.109,18.574
1.1437,6.8879,12.039,18.56
1.1447,6.87,12.055,18.564
1.1455,6.7911,12.119,18.577
1.1464,6.7681,12.138,18.581
1.1474,6.7754,12.131,18.58
1.1486,6.8362,12.08,18.571
1.1495,6.787,12.121,18.579
1.1504,6.7637,12.14,18.583
1.1514,6.7701,12.135,18.583
1.1526,6.8248,12.089,18.574
1.1537,6.8837,12.041,18.564
1.1546,6.8094,12.101,18.577
1.1554,6.7617,12.14,18.585
1.1564,6.755,12.146,18.587
1.1575,6.7817,12.123,18.582
1.1587,6.8662,12.053,18.569
1.1597,6.8483,12.068,18.572
1.1605,6.7696,12.132,18.585
1.1614,6.7466,12.151,18.589
1.1624,6.7541,12.145,18.589
1.1636,6.8149,12.094,18.579
1.1645,6.7657,12.135,18.587
1.1654,6.7425,12.154,18.591
1.1664,6.749,12.148,18.591
1.1676,6.8037,12.102,18.582
1.1687,6.8626,12.054,18.572
1.1696,6.7884,12.114,18.585
1.1704,6.7408,12.154,18.593
1.1714,6.7342,12.159,18.594
1.1725,6.761,12.136,18.59
1.1737,6.8454,12.066,18.576
1.1747,6.8276,12.081,18.58
1.1755,6.7491,12.145,18.593
1.1764,6.7262,12.164,18.597
1.1774,6.7337,12.158,18.596
1.1786,6.7945,12.107,18.586
1.1795,6.7454,12.148,18.595
1.1804,6.7223,12.167,18.599
1.1814,6.7289,12.161,18.598
1.1826,6.7835,12.115,18.589
1.1837,6.8425,12.067,18.579
1.1846,6.7684,12.127,18.592
1.1854,6.7209,12.167,18.6
1.1864,6.7143,12.172,18.602
1.1875,6.7412,12.149,18.598
1.1887,6.8256,12.079,18.584
1.1897,6.8079,12.094,18.587
1.1905,6.7295,12.158,18.6
1.1914,6.7066,12.177,18.604
1.1924,6.7142,12.171,18.603
1.1936,6.775,12.12,18.593
1.1945,6.7261,12.16,18.602
1.1954,6.703,12.179,18.606
1.1964,6.7097,12.174,18.605
1.1976,6.7643,12.128,18.596
1.1987,6.8232,12.079,18.586
1.1996,6.7493,12.14,18.599
1.2004,6.7019,12.179,18.607
1.2014,6.6954,12.184,18.609
1.2025,6.7223,12.162,18.604
1.2037,6.8066,12.091,18.59
1.2047,6.789,12.106,18.594
1.2055,6.7108,12.171,18.607
1.2064,6.688,12.189,18.611
1.2074,6.6956,12.183,18.61
1.2086,6.7564,12.132,18.6
1.2095,6.7076,12.172,18.608
1.2104,6.6846,12.192,18.613
1.2114,6.6913,12.186,18.612
1.2126,6.7459,12.14,18.603
1.2137,6.8049,12.091,18.593
1.2146,6.7311,12.152,18.605
1.2154,6.6838,12.191,18.614
1.2164,6.6773,12.196,18.615
1.2175,6.7042,12.174,18.611
1.2187,6.7886,12.103,18.597
1.2197,6.771,12.118,18.6
1.2205,6.6929,12.182,18.613
1.2214,6.6702,12.201,18.617
1.2224,6.6778,12.195,18.616
1.2236,6.7386,12.144,18.606
1.2245,6.6899,12.184,18.615
1.2254,6.667,12.203,18.619
1.2264,6.6737,12.197,18.618
1.2276,6.7284,12.151,18.609
1.2287,6.7873,12.103,18.599
1.2296,6.7136,12.163,18.612
1.2304,6.6664,12.203,18.62
1.2314,6.66,12.208,18.621
1.2325,6.687,12.185,18.617
1.2337,6.7713,12.115,18.603
1.2347,6.7538,12.13,18.606
1.2355,6.6758,12.194,18.619
1.2363,6.6532,12.213,18.623
1.2374,6.6608,12.206,18.622
1.2386,6.7216,12.155,18.612
1.2395,6.673,12.196,18.621
1.2404,6.6502,12.215,18.625
1.2414,6.657,12.209,18.624
1.2426,6.7116,12.163,18.614
1.2437,6.7705,12.114,18.605
1.2446,6.697,12.175,18.617
1.2454,6.6499,12.214,18.625
1.2464,6.6435,12.219,18.627
1.2475,6.6705,12.196,18.622
1.2487,6.7548,12.126,18.608
1.2497,6.7373,12.141,18.611
1.2505,6.6594,12.205,18.625
1.2513,6.6369,12.224,18.629
1.2524,6.6446,12.217,18.628
1.2536,6.7054,12.166,18.618
1.2545,6.6569,12.207,18.626
1.2554,6.6341,12.226,18.63
1.2564,6.6409,12.22,18.629
1.2576,6.6956,12.173,18.62
1.2587,6.7545,12.125,18.61
1.2596,6.681,12.185,18.623
1.2604,6.634,12.225,18.631
1.2613,6.6277,12.23,18.632
1.2625,6.6547,12.207,18.628
1.2637,6.739,12.136,18.614
1.2647,6.7216,12.151,18.617
1.2655,6.6438,12.216,18.63
1.2663,6.6213,12.234,18.634
1.2674,6.6291,12.228,18.633
1.2686,6.6899,12.176,18.623
1.2695,6.6414,12.217,18.631
1.2703,6.6187,12.236,18.635
1.2714,6.6256,12.23,18.634
1.2726,6.6803,12.184,18.625
1.2737,6.7392,12.135,18.615
1.2746,6.6658,12.196,18.628
1.2754,6.6189,12.235,18.636
1.2763,6.6126,12.24,18.637
1.2775,6.6397,12.217,18.633
1.2787,6.7239,12.147,18.619
1.2796,6.7066,12.162,18.622
1.2805,6.6289,12.226,18.635
1.2813,6.6065,12.245,18.639
1.2824,6.6143,12.238,18.638
1.2836,6.6751,12.186,18.628
1.2845,6.6267,12.227,18.636
1.2853,6.604,12.246,18.64
1.2864,6.6109,12.24,18.639
1.2876,6.6656,12.194,18.63
1.2887,6.7245,12.145,18.62
1.2896,6.6513,12.206,18.633
1.2904,6.6044,12.245,18.641
1.2913,6.5982,12.25,18.642
1.2925,6.6252,12.227,18.638
1.2937,6.7094,12.156,18.623
1.2946,6.6922,12.171,18.627
1.2955,6.6146,12.236,18.64
1.2963,6.5922,12.254,18.644
1.2974,6.6001,12.248,18.643
1.2986,6.6609,12.196,18.632
1.2995,6.6126,12.237,18.641
1.3003,6.59,12.256,18.645
1.3014,6.5969,12.25,18.644
1.3026,6.6516,12.203,18.635
1.3037,6.7105,12.155,18.625
1.3045,6.6373,12.215,18.637
1.3054,6.5905,12.255,18.645
1.3063,6.5844,12.26,18.647
1.3075,6.6115,12.237,18.642
1.3087,6.6956,12.166,18.628
1.3096,6.6784,12.181,18.631
1.3104,6.601,12.245,18.644
1.3113,6.5786,12.264,18.648
1.3124,6.5865,12.257,18.647
1.3136,6.6473,12.206,18.637
1.3145,6.5991,12.246,18.645
1.3153,6.5765,12.265,18.649
1.3164,6.5835,12.259,18.648
1.3176,6.6382,12.213,18.639
1.3187,6.6971,12.164,18.629
1.3195,6.624,12.224,18.642
1.3204,6.5773,12.264,18.65
1.3213,6.5712,12.269,18.651
1.3225,6.5983,12.246,18.646
1.3236,6.6824,12.175,18.632
1.3246,6.6653,12.19,18.635
1.3254,6.5879,12.254,18.649
1.3263,6.5656,12.273,18.652
1.3274,6.5735,12.266,18.651
1.3286,6.6343,12.215,18.641
1.3294,6.5862,12.255,18.65
1.3303,6.5636,12.274,18.653
1.3314,6.5707,12.268,18.652
1.3326,6.6254,12.222,18.643
1.3336,6.6842,12.173,18.633
1.3345,6.6113,12.233,18.646
1.3353,6.5646,12.273,18.654
1.3363,6.5585,12.278,18.655
1.3375,6.5857,12.255,18.651
1.3386,6.6698,12.184,18.636
1.3396,6.6527,12.199,18.639
1.3404,6.5754,12.263,18.653
1.3413,6.5532,12.282,18.656
1.3424,6.5611,12.275,18.655
1.3436,6.6219,12.223,18.645
1.3444,6.5738,12.264,18.653
1.3453,6.5513,12.283,18.657
1.3464,6.5584,12.277,18.656
1.3476,6.6131,12.23,18.647
1.3486,6.6719,12.181,18.637
1.3495,6.5991,12.242,18.65
1.3503,6.5525,12.281,18.658
1.3513,6.5464,12.286,18.659
1.3524,6.5736,12.263,18.654
1.3536,6.6577,12.192,18.64
1.3546,6.6406,12.207,18.643
1.3554,6.5634,12.271,18.656
1.3563,6.5412,12.29,18.66
1.3573,6.5492,12.283,18.659
1.3586,6.61,12.232,18.649
1.3594,6.562,12.272,18.657
1.3603,6.5396,12.291,18.661
1.3613,6.5466,12.285,18.66
1.3625,6.6013,12.238,18.651
1.3636,6.6602,12.19,18.641
1.3645,6.5874,12.25,18.653
1.3653,6.5409,12.289,18.661
1.3663,6.5349,12.295,18.663
1.3674,6.562,12.271,18.658
1.3686,6.6461,12.2,18.644
1.3696,6.6291,12.215,18.647
1.3704,6.552,12.279,18.66
1.3713,6.5298,12.298,18.664
1.3723,6.5378,12.291,18.663
1.3735,6.5986,12.24,18.652
1.3744,6.5507,12.28,18.661
1.3753,6.5283,12.299,18.665
1.3763,6.5354,12.293,18.664
1.3775,6.5901,12.246,18.654
1.3786,6.6489,12.197,18.644
1.3795,6.5762,12.258,18.657
1.3803,6.5297,12.297,18.665
1.3813,6.5238,12.302,18.666
1.3824,6.551,12.279,18.662
1.3836,6.635,12.208,18.647
1.3846,6.618,12.223,18.65
1.3854,6.541,12.287,18.664
1.3863,6.5189,12.306,18.667
1.3873,6.5269,12.299,18.666
1.3885,6.5877,12.247,18.656
1.3894,6.5398,12.288,18.664
1.3903,6.5175,12.307,18.668
1.3913,6.5246,12.301,18.667
1.3925,6.5793,12.254,18.658
1.3936,6.6382,12.205,18.648
1.3945,6.5655,12.265,18.66
1.3953,6.5191,12.305,18.668
1.3963,6.5132,12.31,18.669
1.3974,6.5404,12.287,18.665
1.3986,6.6244,12.215,18.651
1.3996,6.6075,12.23,18.654
1.4004,6.5305,12.295,18.667
1.4012,6.5085,12.313,18.671
1.4023,6.5165,12.306,18.67
1.4035,6.5773,12.255,18.659
1.4044,6.5294,12.295,18.668
1.4053,6.5071,12.314,18.672
1.4063,6.5143,12.308,18.67
1.4075,6.569,12.261,18.661
1.4086,6.6279,12.212,18.651
1.4095,6.5553,12.273,18.663
1.4103,6.5089,12.312,18.672
1.4112,6.503,12.317,18.673
1.4124,6.5302,12.294,18.668
1.4136,6.6143,12.222,18.654
1.4145,6.5974,12.237,18.657
1.4154,6.5205,12.302,18.67
1.4162,6.4985,12.32,18.674
1.4173,6.5065,12.314,18.673
1.4185,6.5673,12.262,18.662
1.4194,6.5195,12.302,18.671
1.4202,6.4973,12.321,18.675
1.4213,6.5045,12.315,18.674
1.4225,6.5592,12.268,18.664
1.4236,6.618,12.219,18.654
1.4245,6.5455,12.28,18.667
1.4253,6.4992,12.319,18.675
1.4262,6.4933,12.324,18.676
1.4274,6.5205,12.301,18.671
1.4286,6.6045,12.229,18.657
1.4295,6.5877,12.244,18.66
1.4303,6.5108,12.308,18.673
1.4312,6.4889,12.327,18.677
1.4323,6.497,12.32,18.676
1.4335,6.5577,12.268,18.665
1.4344,6.51,12.309,18.674
1.4352,6.4878,12.328,18.678
1.4363,6.495,12.322,18.676
1.4375,6.5497,12.275,18.667
1.4386,6.6085,12.226,18.657
1.4394,6.5361,12.286,18.67
1.4403,6.4898,12.326,18.678
1.4412,6.484,12.331,18.679
1.4424,6.5112,12.307,18.674
1.4435,6.5952,12.236,18.66
1.4445,6.5784,12.251,18.663
1.4453,6.5016,12.315,18.676
1.4462,6.4797,12.334,18.68
1.4473,6.4878,12.327,18.679
1.4485,6.5486,12.275,18.668
1.4493,6.5009,12.315,18.677
1.4502,6.4787,12.334,18.681
1.4513,6.486,12.328,18.679
1.4525,6.5406,12.281,18.67
1.4535,6.5995,12.232,18.66
1.4544,6.5271,12.293,18.672
1.4552,6.4809,12.332,18.68
1.4562,6.4751,12.337,18.682
1.4574,6.5023,12.314,18.677
1.4585,6.5863,12.242,18.663
1.4595,6.5695,12.257,18.666
1.4603,6.4928,12.321,18.679
1.4612,6.4709,12.34,18.683
1.4622,6.479,12.333,18.681
1.4635,6.5398,12.281,18.671
1.4643,6.4922,12.322,18.679
1.4652,6.47,12.341,18.683
1.4662,6.4773,12.334,18.682
1.4674,6.532,12.287,18.673
1.4685,6.5908,12.238,18.663
1.4694,6.5185,12.299,18.675
1.4702,6.4723,12.338,18.683
1.4712,6.4665,12.343,18.684
1.4723,6.4938,12.32,18.68
1.4735,6.5778,12.248,18.665
1.4745,6.561,12.263,18.668
1.4753,6.4844,12.327,18.681
1.4762,6.4625,12.346,18.685
1.4772,6.4706,12.339,18.684
1.4784,6.5314,12.287,18.674
1.4793,6.4838,12.328,18.682
1.4802,6.4617,12.347,18.686
1.4812,6.469,12.34,18.685
1.4824,6.5237,12.293,18.675
1.4835,6.5825,12.244,18.665
1.4844,6.5102,12.305,18.678
1.4852,6.4641,12.344,18.686
1.4862,6.4583,12.349,18.687
1.4873,6.4856,12.325,18.682
1.4885,6.5696,12.254,18.668
1.4895,6.5528,12.269,18.671
1.4903,6.4763,12.333,18.684
1.4912,6.4544,12.352,18.688
1.4922,6.4626,12.345,18.686
1.4934,6.5234,12.293,18.676
1.4943,6.4758,12.333,18.684
1.4952,6.4537,12.352,18.688
1.4962,6.461,12.346,18.687
1.4974,6.5157,12.299,18.678
1.4985,6.5745,12.25,18.668
1.4994,6.5023,12.31,18.68
1.5002,6.4562,12.35,18.688
1.5005,15.814,9.283,14.588
1.5008,32.472,8.6404,8.6654
1.5013,51.897,21.719,7.322
1.5019,63.684,51.419,22.159
1.5024,74.67,87.13,57.927
1.503,85.502,115.02,115.04
1.5038,89.745,126.11,178.59
1.5045,86.73,123.99,201.11
1.5053,80.791,117.1,190.46
1.5059,77.07,111.46,176.25
1.5069,75.259,107.78,167.42
1.508,73.545,105.93,165.14
1.5091,72.085,104.25,163.02
1.5102,71.075,102.84,160.64
1.5113,69.841,101.89,159.1
1.5122,69.395,101.4,158.24
1.5131,68.715,100.86,157.45
1.5141,68,100.33,156.59
1.5154,67.446,99.769,155.69
1.5163,66.697,99.308,155.03
1.5173,66.2,98.963,154.44
1.5184,65.74,98.544,153.79
1.5196,64.933,98.052,153.07
1.5205,64.672,97.824,152.61
1.5213,64.212,97.502,152.13
1.5224,63.684,97.168,151.57
1.5237,63.347,96.808,150.95
1.5246,62.743,96.492,150.5
1.5255,62.445,96.269,150.1
1.5266,62.052,95.958,149.6
1.5278,61.388,95.615,149.07
1.5287,61.24,95.433,148.69
1.5296,60.87,95.176,148.3
1.5307,60.429,94.937,147.88
1.532,60.201,94.699,147.41
1.5328,59.742,94.447,147.07
1.5337,59.538,94.293,146.76
1.5347,59.212,94.054,146.37
1.536,58.625,93.791,145.94
1.5369,58.589,93.657,145.63
1.5379,58.267,93.45,145.31
1.5389,57.917,93.279,144.99
1.5401,57.772,93.099,144.62
1.541,57.386,92.898,144.33
1.5419,57.183,92.777,144.08
1.543,56.968,92.59,143.75
1.5443,56.45,92.341,143.37
1.5451,56.468,92.29,143.17
1.5459,56.176,92.145,142.94
1.5469,55.955,92.01,142.67
1.5482,55.861,91.835,142.34
1.5494,55.286,91.559,141.99
1.5501,55.437,91.601,141.86
1.5509,55.029,91.471,141.68
1.5518,54.963,91.366,141.46
1.553,54.728,91.196,141.17
1.5542,54.131,91.061,140.92
1.5552,54.416,91.036,140.71
1.5561,54.094,90.821,140.47
1.5569,53.967,90.783,140.32
1.5579,53.812,90.655,140.1
1.559,53.461,90.537,139.88
1.5603,53.303,90.509,139.68
1.5613,53.601,90.303,139.42
1.5621,52.918,90.258,139.29
1.563,53.008,90.163,139.11
1.5641,52.69,90.037,138.91
1.5652,52.353,89.99,138.73
1.5662,52.607,89.888,138.54
1.5671,52.202,89.775,138.37
1.5681,52.107,89.736,138.23
1.5691,52.077,89.635,138.05
1.5702,51.73,89.522,137.86
1.5711,51.738,89.496,137.73
1.572,51.61,89.405,137.58
1.5731,51.378,89.329,137.42
1.5744,51.379,89.308,137.25
1.5751,51.083,89.162,137.1
1.5759,51.147,89.135,137
1.5769,50.953,89.056,136.86
1.5781,50.711,88.998,136.7
1.5792,50.962,88.957,136.55
1.58,50.481,88.848,136.43
1.5808,50.553,88.815,136.32
1.5818,50.375,88.741,136.19
1.5831,50.091,88.689,136.04
1.5842,50.442,88.668,135.91
1.585,49.9,88.556,135.8
1.5857,50.027,88.525,135.7
1.5867,49.83,88.463,135.59
1.588,49.575,88.437,135.46
1.5891,50.164,88.388,135.31
1.5901,49.348,88.239,135.19
1.5908,49.582,88.271,135.13
1.5916,49.333,88.21,135.03
1.5926,49.296,88.179,134.93
1.5938,49.304,88.111,134.8
1.5949,48.867,88.01,134.67
1.5957,49.111,88.043,134.61
1.5965,48.893,87.988,134.53
1.5975,48.863,87.957,134.44
1.5987,48.897,87.889,134.31
1.5999,48.386,87.791,134.19
1.6006,48.729,87.833,134.14
1.6014,48.472,87.786,134.07
1.6024,48.481,87.757,133.99
1.6037,48.495,87.677,133.86
1.6048,47.846,87.615,133.77
1.6055,48.381,87.636,133.71
1.6063,48.091,87.605,133.65
1.6073,48.131,87.575,133.57
1.6086,48.106,87.48,133.44
1.6097,47.41,87.467,133.39
1.6106,48.066,87.49,133.32
1.6114,47.7,87.419,133.25
1.6122,47.766,87.409,133.19
1.6132,47.68,87.362,133.11
1.6144,47.417,87.329,133.03
1.6156,47.625,87.383,132.98
1.6163,47.325,87.251,132.88
1.6171,47.489,87.26,132.84
1.618,47.33,87.223,132.78
1.6191,47.229,87.211,132.71
1.6203,47.48,87.19,132.63
1.6211,47.072,87.13,132.57
1.622,47.153,87.129,132.52
1.623,47.079,87.089,132.45
1.6241,46.868,87.063,132.39
1.6253,47.023,87.116,132.35
1.6261,46.762,86.994,132.27
1.6268,46.918,87.006,132.23
1.6278,46.773,86.973,132.18
1.6289,46.67,86.967,132.12
1.63,46.933,86.955,132.06
1.6309,46.542,86.897,132
1.6317,46.629,86.899,131.96
1.6327,46.557,86.864,131.91
1.6339,46.348,86.844,131.85
1.6351,46.551,86.899,131.82
1.6358,46.263,86.786,131.75
1.6366,46.429,86.798,131.72
1.6375,46.289,86.77,131.67
1.6386,46.191,86.769,131.63
1.6398,46.498,86.76,131.57
1.6406,46.067,86.707,131.53
1.6414,46.183,86.711,131.49
1.6424,46.099,86.679,131.44
1.6436,45.908,86.669,131.4
1.6447,46.184,86.707,131.37
1.6455,45.855,86.62,131.31
1.6463,45.991,86.628,131.29
1.6472,45.88,86.602,131.24
1.6484,45.729,86.603,131.21
1.6496,46.098,86.617,131.17
1.6503,45.649,86.552,131.13
1.6511,45.8,86.554,131.1
1.6521,45.686,86.53,131.06
1.6533,45.502,86.539,131.03
1.6544,45.994,86.552,130.99
1.6552,45.436,86.489,130.95
1.656,45.631,86.485,130.92
1.6569,45.492,86.467,130.89
1.6582,45.353,86.497,130.87
1.6593,46.011,86.474,130.81
1.6602,45.197,86.389,130.77
1.661,45.518,86.436,130.76
1.6618,45.327,86.41,130.73
1.6628,45.349,86.413,130.71
1.664,45.453,86.387,130.66
1.6651,45.033,86.33,130.62
1.6659,45.363,86.387,130.61
1.6666,45.171,86.361,130.59
1.6676,45.211,86.362,130.56
1.6688,45.297,86.331,130.52
1.6699,44.812,86.286,130.49
1.6707,45.243,86.336,130.48
1.6715,45.024,86.316,130.46
1.6725,45.084,86.316,130.43
1.6737,45.185,86.273,130.38
1.6748,44.542,86.247,130.37
1.6757,45.099,86.331,130.37
1.6765,44.851,86.257,130.33
1.6773,44.953,86.273,130.31
1.6783,44.91,86.252,130.28
1.6794,44.74,86.247,130.27
1.6807,44.94,86.316,130.27
1.6814,44.683,86.213,130.21
1.6821,44.872,86.234,130.2
1.683,44.748,86.218,130.18
1.6842,44.684,86.23,130.17
1.6853,45.004,86.231,130.14
1.6862,44.596,86.191,130.12
1.687,44.725,86.205,130.11
1.688,44.672,86.184,130.08
1.6891,44.51,86.184,130.07
1.6903,44.759,86.237,130.06
1.691,44.488,86.156,130.02
1.6918,44.634,86.173,130.01
1.6927,44.542,86.157,129.99
1.6939,44.422,86.168,129.98
1.695,44.782,86.191,129.97
1.6958,44.38,86.136,129.94
1.6966,44.529,86.147,129.93
1.6976,44.445,86.131,129.91
1.6988,44.279,86.144,129.9
1.6999,44.72,86.176,129.89
1.7007,44.258,86.114,129.86
1.7014,44.445,86.122,129.85
1.7024,44.336,86.109,129.84
1.7037,44.193,86.138,129.84
1.7048,44.797,86.145,129.81
1.7057,44.163,86.052,129.77
1.7064,44.401,86.115,129.78
1.7073,44.243,86.089,129.77
1.7082,44.261,86.1,129.76
1.7093,44.363,86.09,129.74
1.7105,44.07,86.03,129.71
1.7113,44.323,86.101,129.72
1.712,44.152,86.076,129.71
1.713,44.204,86.084,129.7
1.7142,44.289,86.065,129.67
1.7153,43.88,86.029,129.66
1.7161,44.262,86.08,129.66
1.7169,44.079,86.063,129.65
1.7179,44.133,86.071,129.64
1.7191,44.253,86.047,129.62
1.7202,43.753,86.012,129.6
1.7209,44.217,86.065,129.61
1.7217,44,86.052,129.6
1.7227,44.08,86.058,129.59
1.7239,44.196,86.019,129.56
1.725,43.518,86.007,129.56
1.7259,44.178,86.09,129.57
1.7267,43.886,86.028,129.55
1.7275,44.019,86.044,129.54
1.7285,43.972,86.03,129.53
1.7297,43.812,86.036,129.53
1.7308,44.11,86.092,129.54
1.7315,43.811,86.015,129.5
1.7323,43.976,86.034,129.5
1.7333,43.886,86.022,129.49
1.7344,43.783,86.04,129.49
1.7356,44.178,86.062,129.48
1.7363,43.747,86.015,129.47
1.7371,43.913,86.027,129.46
1.7381,43.832,86.015,129.45
1.7393,43.678,86.034,129.46
1.7404,44.149,86.063,129.45
1.7412,43.672,86.009,129.43
1.7419,43.868,86.019,129.43
1.7429,43.765,86.01,129.42
1.7442,43.624,86.043,129.43
1.7453,44.253,86.052,129.41
1.7462,43.609,85.967,129.38
1.7469,43.863,86.026,129.4
1.7477,43.711,86.004,129.39
1.7487,43.736,86.019,129.39
1.7499,43.854,86.011,129.38
1.751,43.556,85.954,129.35
1.7518,43.823,86.027,129.37
1.7525,43.652,86.005,129.36
1.7535,43.714,86.015,129.36
1.7547,43.801,85.998,129.35
1.7558,43.398,85.969,129.34
1.7566,43.79,86.019,129.35
1.7573,43.613,86.003,129.34
1.7583,43.672,86.014,129.34
1.7595,43.802,85.994,129.32
1.7606,43.319,85.961,129.31
1.7614,43.773,86.016,129.32
1.7622,43.565,86.004,129.32
1.7631,43.648,86.012,129.32
1.7644,43.767,85.98,129.29
1.7655,43.142,85.967,129.3
1.7664,43.741,86.053,129.32
1.7672,43.489,85.988,129.29
1.768,43.613,86.009,129.29
1.769,43.582,85.997,129.29
1.7701,43.435,86.001,129.29
1.7713,43.686,86.069,129.31
1.772,43.421,85.984,129.27
1.7727,43.609,86.007,129.28
1.7737,43.51,85.997,129.27
1.7748,43.444,86.018,129.28
1.776,43.824,86.031,129.27
1.7768,43.398,85.994,129.26
1.7776,43.559,86.009,129.26
1.7786,43.497,85.997,129.25
1.7797,43.354,86.011,129.26
1.7808,43.722,86.051,129.27
1.7816,43.373,85.992,129.25
1.7824,43.531,86.009,129.25
1.7834,43.459,85.999,129.24
1.7845,43.328,86.017,129.25
1.7857,43.759,86.051,129.25
1.7864,43.321,85.996,129.24
1.7872,43.509,86.009,129.23
1.7882,43.418,86,129.23
1.7894,43.286,86.03,129.24
1.7905,43.853,86.047,129.23
1.7914,43.324,85.959,129.2
1.7922,43.514,86.026,129.23
1.793,43.392,86,129.22
1.794,43.401,86.016,129.22
1.7951,43.524,86.015,129.22
1.7963,43.317,85.94,129.19
1.797,43.534,86.036,129.22
1.7978,43.326,86.008,129.21
1.7987,43.423,86.019,129.21
1.7998,43.452,86.002,129.2
1.8009,43.123,85.994,129.21
1.8018,43.481,86.029,129.21
1.8026,43.342,86.008,129.2
1.8036,43.354,86.023,129.21
1.8047,43.49,86.021,129.2
1.8059,43.263,85.95,129.17
1.8067,43.477,86.04,129.21
1.8074,43.29,86.013,129.2
1.8083,43.373,86.026,129.2
1.8094,43.424,86.01,129.19
1.8106,43.095,85.994,129.19
1.8114,43.434,86.034,129.2
1.8122,43.3,86.016,129.19
1.8132,43.321,86.03,129.2
1.8144,43.47,86.026,129.19
1.8155,43.179,85.959,129.16
1.8163,43.45,86.045,129.19
1.817,43.252,86.021,129.19
1.8179,43.341,86.032,129.19
1.8191,43.393,86.014,129.18
1.8202,43.013,86.001,129.18
1.821,43.419,86.04,129.19
1.8218,43.255,86.024,129.18
1.8228,43.301,86.038,129.19
1.824,43.435,86.027,129.18
1.8251,43.074,85.984,129.17
1.8259,43.397,86.047,129.19
1.8266,43.236,86.029,129.18
1.8276,43.296,86.041,129.18
1.8288,43.415,86.026,129.17
1.8299,42.99,85.991,129.17
1.8307,43.405,86.048,129.18
1.8314,43.216,86.034,129.18
1.8324,43.293,86.045,129.18
1.8336,43.417,86.021,129.17
1.8347,42.878,86,129.17
1.8357,43.342,86.093,129.2
1.8364,43.184,86.021,129.17
1.8373,43.274,86.048,129.18
1.8382,43.278,86.036,129.17
1.8394,43.13,86.035,129.18
1.8404,43.281,86.065,129.18
1.8414,43.354,86.032,129.17
1.8423,43.119,86.04,129.18
1.8433,43.297,86.072,129.18
1.8444,43.413,86.026,129.16
1.8453,43.093,86.047,129.18
1.8462,43.318,86.062,129.18
1.8473,43.308,86.021,129.16
1.8482,43.041,86.052,129.18
1.8492,43.358,86.071,129.18
1.8502,43.268,86.021,129.16
1.8511,43.124,86.062,129.18
1.8521,43.317,86.058,129.17
1.8531,43.177,86.027,129.16
1.8542,42.968,86.074,129.19
1.8551,43.369,86.059,129.17
1.856,43.13,86.042,129.17
1.857,43.17,86.076,129.18
1.858,43.323,86.056,129.17
1.859,43.082,86.036,129.17
1.8601,43.045,86.102,129.2
1.861,43.344,86.05,129.17
1.8619,43.095,86.057,129.17
1.8629,43.247,86.084,129.18
1.864,43.382,86.044,129.16
1.8649,43.019,86.058,129.18
1.8658,43.276,86.083,129.18
1.8668,43.232,86.048,129.17
1.8677,43.093,86.07,129.18
1.8688,43.303,86.088,129.18
1.8697,43.166,86.055,129.17
1.8706,43.163,86.076,129.18
1.8716,43.26,86.072,129.18
1.8729,43.091,86.013,129.15
1.8736,43.276,86.092,129.18
1.8744,43.123,86.068,129.18
1.8753,43.189,86.08,129.18
1.8765,43.281,86.067,129.17
1.8776,42.926,86.039,129.17
1.8784,43.276,86.089,129.18
1.8792,43.126,86.072,129.18
1.8802,43.175,86.085,129.18
1.8813,43.321,86.073,129.17
1.8825,42.912,86.028,129.16
1.8832,43.298,86.094,129.18
1.884,43.106,86.078,129.18
1.8849,43.189,86.088,129.18
1.8861,43.291,86.065,129.17
1.8872,42.783,86.047,129.18
1.888,43.314,86.091,129.18
1.8888,43.097,86.084,129.18
1.8898,43.196,86.093,129.19
1.891,43.352,86.052,129.16
1.8921,42.626,86.051,129.18
1.893,43.36,86.122,129.19
1.8937,43.047,86.079,129.18
1.8946,43.19,86.092,129.18
1.8956,43.154,86.08,129.18
1.8968,42.956,86.09,129.19
1.8979,43.343,86.147,129.21
1.8986,43.025,86.075,129.18
1.8994,43.201,86.095,129.19
1.9003,43.122,86.086,129.18
1.9015,43.032,86.106,129.2
1.9026,43.437,86.129,129.2
1.9034,43.017,86.085,129.19
1.9042,43.191,86.099,129.19
1.9051,43.12,86.088,129.19
1.9064,42.981,86.11,129.2
1.9074,43.45,86.14,129.2
1.9082,42.995,86.088,129.19
1.909,43.193,86.101,129.19
1.9099,43.103,86.092,129.19
1.9112,42.977,86.124,129.21
1.9123,43.567,86.138,129.2
1.9132,43.005,86.054,129.17
1.9139,43.223,86.118,129.2
1.9148,43.097,86.094,129.19
1.9157,43.117,86.11,129.2
1.9169,43.246,86.108,129.19
1.9181,43.01,86.04,129.17
1.9188,43.253,86.127,129.2
1.9195,43.062,86.102,129.2
1.9205,43.152,86.114,129.2
1.9216,43.207,86.096,129.19
1.9227,42.845,86.083,129.19
1.9235,43.235,86.121,129.2
1.9244,43.081,86.104,129.2
1.9253,43.122,86.118,129.2
1.9265,43.262,86.11,129.19
1.9276,42.925,86.061,129.18
1.9284,43.232,86.128,129.2
1.9291,43.07,86.109,129.2
1.9301,43.136,86.12,129.2
1.9313,43.246,86.105,129.19
1.9324,42.834,86.074,129.19
1.9332,43.246,86.127,129.2
1.934,43.065,86.113,129.2
1.9349,43.14,86.124,129.21
1.9361,43.273,86.102,129.19
1.9372,42.761,86.077,129.2
1.9382,43.17,86.172,129.23
1.939,43.055,86.098,129.2
1.9398,43.127,86.126,129.21
1.9408,43.15,86.115,129.2
1.9419,42.994,86.109,129.2
1.9428,43.138,86.138,129.21
1.9438,43.168,86.113,129.2
1.9448,43.012,86.117,129.21
1.9459,43.15,86.164,129.23
1.9467,43.104,86.107,129.2
1.9476,43.11,86.13,129.21
1.9486,43.175,86.122,129.21
1.9498,42.962,86.092,129.2
1.9506,43.167,86.139,129.22
1.9514,43.087,86.12,129.21
1.9524,43.082,86.132,129.22
1.9536,43.277,86.139,129.21
1.9546,43.049,86.11,129.21
1.9555,43.081,86.14,129.22
1.9564,43.18,86.127,129.21
1.9576,42.991,86.101,129.2
1.9584,43.136,86.143,129.22
1.9593,43.104,86.124,129.21
1.9603,43.049,86.133,129.22
1.9615,43.26,86.164,129.23
1.9623,43.042,86.119,129.21
1.9631,43.13,86.137,129.22
1.9642,43.124,86.126,129.21
1.9653,42.929,86.125,129.22
1.9665,43.179,86.229,129.26
1.9672,42.915,86.103,129.21
1.968,43.207,86.136,129.22
1.9688,43.057,86.13,129.22
1.9699,43.097,86.15,129.23
1.9711,43.386,86.135,129.21
1.9721,42.876,86.091,129.21
1.973,43.078,86.174,129.24
1.9738,43.092,86.121,129.21
1.9747,43.053,86.143,129.22
1.9758,43.201,86.146,129.22
1.977,43.135,86.085,129.2
1.9778,43.091,86.16,129.23
1.9786,43.102,86.13,129.22
1.9796,43.031,86.142,129.23
1.9807,43.232,86.168,129.23
1.9816,43.061,86.128,129.22
1.9824,43.107,86.147,129.23
1.9834,43.146,86.138,129.22
1.9846,42.936,86.117,129.22
1.9855,43.152,86.156,129.23
1.9863,43.084,86.137,129.22
1.9873,43.059,86.148,129.23
1.9885,43.256,86.162,129.23
1.9894,43.051,86.13,129.22
1.9903,43.096,86.152,129.23
1.9913,43.155,86.142,129.23
1.9925,42.963,86.118,129.22
1.9933,43.137,86.159,129.24
1.9941,43.088,86.14,129.23
1.9952,43.049,86.15,129.23
1.9964,43.258,86.172,129.24
1.9972,43.042,86.135,129.23
1.9981,43.111,86.154,129.23
1.9991,43.134,86.143,129.23
2.0003,42.933,86.131,129.23
2.0011,43.145,86.163,129.24
2.002,43.099,86.141,129.23
2.003,43.035,86.152,129.24
2.0042,43.223,86.177,129.24
2.005,43.058,86.137,129.23
2.0059,43.102,86.156,129.24
2.0069,43.143,86.147,129.23
2.0081,42.93,86.125,129.23
2.009,43.151,86.165,129.24
2.0098,43.078,86.146,129.23
2.0108,43.059,86.157,129.24
2.012,43.256,86.169,129.24
2.0129,43.045,86.138,129.23
2.0138,43.087,86.162,129.24
2.0148,43.156,86.151,129.24
2.0159,42.969,86.126,129.23
2.0168,43.129,86.168,129.24
2.0176,43.087,86.148,129.24
2.0187,43.043,86.158,129.24
2.0199,43.254,86.183,129.25
2.0207,43.036,86.143,129.24
2.0215,43.112,86.161,129.24
2.0225,43.124,86.15,129.24
2.0237,42.924,86.142,129.24
2.0246,43.148,86.173,129.25
2.0255,43.106,86.147,129.24
2.0265,43.025,86.159,129.24
2.0277,43.21,86.184,129.25
2.0285,43.063,86.145,129.24
2.0294,43.094,86.164,129.25
2.0304,43.149,86.156,129.24
2.0316,42.935,86.126,129.23
2.0324,43.155,86.172,129.25
2.0332,43.067,86.154,129.24
2.0343,43.071,86.166,129.25
2.0354,43.263,86.169,129.24
2.0364,43.024,86.139,129.24
2.0373,43.043,86.175,129.25
2.0383,43.172,86.158,129.24
2.0394,42.98,86.136,129.24
2.0402,43.112,86.175,129.25
2.0411,43.1,86.155,129.24
2.0422,43.021,86.161,129.25
2.0434,43.215,86.21,129.27
2.0442,43.006,86.146,129.24
2.0449,43.134,86.166,129.25
2.0459,43.085,86.155,129.24
2.0471,42.945,86.167,129.25
2.0482,43.331,86.214,129.27
2.049,42.961,86.15,129.25
2.0497,43.147,86.165,129.25
2.0507,43.064,86.156,129.25
2.0519,42.962,86.181,129.26
2.053,43.457,86.2,129.26
2.0537,42.937,86.157,129.25
2.0545,43.15,86.165,129.25
2.0555,43.052,86.157,129.25
2.0568,42.903,86.198,129.27
2.0578,43.609,86.2,129.25
2.0587,42.895,86.128,129.24
2.0595,43.197,86.174,129.25
2.0603,43.049,86.159,129.25
2.0613,43.087,86.174,129.26
2.0625,43.257,86.166,129.25
2.0636,42.894,86.113,129.23
2.0643,43.207,86.183,129.26
2.0651,43.036,86.163,129.25
2.066,43.109,86.174,129.26
2.0672,43.207,86.157,129.25
2.0683,42.801,86.13,129.25
2.0691,43.215,86.179,129.26
2.0699,43.039,86.165,129.25
2.0709,43.11,86.176,129.26
2.0721,43.248,86.155,129.24
2.0732,42.764,86.126,129.25
2.0739,43.236,86.179,129.26
2.0747,43.032,86.167,129.26
2.0757,43.123,86.176,129.26
2.0769,43.255,86.144,129.24
2.078,42.64,86.133,129.25
2.0789,43.244,86.216,129.27
2.0797,42.997,86.154,129.25
2.0805,43.124,86.175,129.26
2.0815,43.103,86.163,129.25
2.0826,42.958,86.167,129.26
2.0838,43.218,86.237,129.28
2.0845,42.957,86.15,129.25
2.0853,43.158,86.173,129.26
2.0862,43.06,86.164,129.26
2.0873,43.012,86.185,129.27
2.0885,43.396,86.194,129.26
2.0893,42.969,86.16,129.26
2.0901,43.137,86.176,129.26
2.0911,43.086,86.163,129.26
2.0922,42.957,86.175,129.26
2.0933,43.294,86.216,129.27
2.0941,42.989,86.158,129.26
2.0949,43.135,86.176,129.26
2.0958,43.08,86.165,129.26
2.097,42.948,86.179,129.27
2.0981,43.346,86.221,129.28
2.0989,42.959,86.16,129.26
2.0997,43.145,86.175,129.26
2.1006,43.063,86.166,129.26
2.1018,42.952,86.191,129.27
2.1029,43.466,86.21,129.27
2.1037,42.931,86.166,129.26
2.1045,43.15,86.173,129.26
2.1054,43.047,86.166,129.26
2.1067,42.915,86.21,129.28
2.1078,43.636,86.205,129.26
2.1087,42.871,86.138,129.25
2.1094,43.201,86.181,129.26
2.1102,43.046,86.169,129.26
2.1113,43.092,86.183,129.27
2.1124,43.27,86.172,129.26
2.1135,42.865,86.125,129.25
2.1143,43.208,86.19,129.27
2.115,43.037,86.171,129.26
2.116,43.108,86.182,129.27
2.1172,43.217,86.164,129.26
2.1183,42.79,86.136,129.25
2.1191,43.221,86.187,129.27
2.1198,43.036,86.173,129.26
2.1208,43.115,86.183,129.27
2.122,43.25,86.159,129.25
2.1231,42.725,86.136,129.26
2.1241,43.16,86.228,129.29
2.1248,43.026,86.156,129.26
2.1257,43.105,86.183,129.27
2.1267,43.123,86.171,129.26
2.1278,42.968,86.165,129.26
2.1287,43.118,86.194,129.27
2.1297,43.152,86.167,129.26
2.1307,42.988,86.171,129.27
2.1318,43.136,86.214,129.28
2.1326,43.089,86.161,129.26
2.1335,43.082,86.183,129.27
2.1345,43.165,86.177,129.26
2.1357,42.957,86.131,129.25
2.1365,43.17,86.193,129.27
2.1373,43.051,86.172,129.27
2.1383,43.09,86.185,129.27
2.1394,43.238,86.176,129.26
2.1406,42.876,86.12,129.25
2.1413,43.225,86.194,129.27
2.1421,43.029,86.175,129.27
2.143,43.118,86.184,129.27
2.1442,43.199,86.162,129.26
2.1453,42.735,86.147,129.26
2.1461,43.235,86.187,129.27
2.1469,43.033,86.176,129.27
2.1479,43.12,86.187,129.27
2.1491,43.26,86.159,129.25
2.1502,42.716,86.143,129.26
2.1511,43.193,86.224,129.29
2.1519,43.025,86.162,129.26
2.1527,43.106,86.185,129.27
2.1537,43.124,86.173,129.26
2.1549,42.957,86.167,129.27
2.1558,43.125,86.196,129.28
2.1567,43.134,86.169,129.26
2.1577,42.999,86.176,129.27
2.1589,43.163,86.22,129.29
2.1597,43.054,86.164,129.26
2.1605,43.108,86.185,129.27
2.1615,43.125,86.174,129.27
2.1627,42.928,86.164,129.27
2.1636,43.141,86.196,129.28
2.1645,43.102,86.17,129.27
2.1655,43.023,86.181,129.27
2.1666,43.21,86.209,129.28
2.1674,43.055,86.167,129.27
2.1683,43.098,86.186,129.27
2.1693,43.138,86.176,129.27
2.1705,42.923,86.154,129.26
2.1714,43.148,86.193,129.27
2.1722,43.074,86.174,129.27
2.1732,43.055,86.185,129.27
2.1744,43.251,86.196,129.27
2.1753,43.042,86.166,129.27
2.1762,43.082,86.189,129.28
2.1772,43.155,86.179,129.27
2.1783,42.967,86.152,129.26
2.1792,43.127,86.194,129.28
2.18,43.083,86.175,129.27
2.1811,43.042,86.184,129.27
2.1823,43.254,86.207,129.28
2.1831,43.035,86.168,129.27
2.1839,43.108,86.187,129.27
2.185,43.124,86.176,129.27
2.1861,42.925,86.165,129.27
2.187,43.143,86.197,129.28
2.1879,43.1,86.172,129.27
2.1889,43.026,86.183,129.27
2.1901,43.211,86.208,129.28
2.1909,43.058,86.169,129.27
2.1918,43.095,86.187,129.27
2.1928,43.143,86.178,129.27
2.194,42.929,86.152,129.26
2.1948,43.15,86.195,129.28
2.1957,43.07,86.176,129.27
2.1967,43.063,86.187,129.28
2.1979,43.259,86.195,129.27
2.1988,43.034,86.165,129.27
2.1997,43.07,86.193,129.28
2.2007,43.161,86.18,129.27
2.2018,42.975,86.154,129.26
2.2026,43.121,86.196,129.28
2.2035,43.089,86.176,129.27
2.2045,43.034,86.184,129.28
2.2058,43.246,86.215,129.28
2.2066,43.028,86.169,129.27
2.2074,43.117,86.187,129.27
2.2084,43.11,86.176,129.27
2.2096,42.917,86.174,129.27
2.2108,43.171,86.277,129.31
2.2115,42.904,86.151,129.26
2.2122,43.193,86.184,129.27
2.213,43.046,86.177,129.27
2.2141,43.085,86.197,129.28
2.2153,43.379,86.182,129.27
2.2163,42.867,86.137,129.26
2.2172,43.066,86.219,129.29
2.218,43.082,86.167,129.27
2.2189,43.042,86.188,129.28
2.22,43.192,86.191,129.27
2.2212,43.129,86.13,129.25
2.2222,42.704,86.196,129.29
2.223,43.244,86.175,129.27
2.2239,42.997,86.175,129.27
2.2249,43.117,86.206,129.28
2.226,43.292,86.17,129.26
2.2269,42.931,86.173,129.27
2.2278,43.154,86.204,129.28
2.2288,43.149,86.168,129.27
2.2297,43.002,86.184,129.28
2.2308,43.193,86.208,129.28
2.2317,43.076,86.17,129.27
2.2325,43.08,86.189,129.28
2.2336,43.165,86.184,129.27
2.2349,42.973,86.131,129.25
2.2356,43.184,86.201,129.28
2.2364,43.043,86.179,129.27
2.2373,43.101,86.191,129.28
2.2385,43.22,86.177,129.27
2.2396,42.841,86.139,129.26
2.2404,43.211,86.197,129.28
2.2412,43.04,86.18,129.28
2.2421,43.11,86.191,129.28
2.2433,43.238,86.171,129.27
2.2444,42.768,86.142,129.26
2.2452,43.236,86.194,129.28
2.246,43.034,86.183,129.28
2.2469,43.125,86.191,129.28
2.2482,43.258,86.159,129.26
2.2493,42.638,86.147,129.27
2.2502,43.247,86.23,129.29
2.251,42.998,86.169,129.27
2.2518,43.126,86.189,129.28
2.2528,43.104,86.177,129.27
2.2539,42.959,86.181,129.28
2.2551,43.223,86.25,129.3
2.2558,42.96,86.164,129.27
2.2565,43.159,86.187,129.28
2.2575,43.062,86.177,129.27
2.2586,43.011,86.198,129.28
2.2597,43.396,86.208,129.28
2.2605,42.971,86.173,129.27
2.2614,43.139,86.189,129.28
2.2623,43.086,86.176,129.27
2.2635,42.955,86.189,129.28
2.2646,43.306,86.228,129.29
2.2654,42.987,86.17,129.27
2.2661,43.138,86.188,129.28
2.2671,43.08,86.177,129.27
2.2683,42.95,86.192,129.28
2.2694,43.359,86.231,129.29
2.2702,42.96,86.172,129.27
2.2709,43.147,86.186,129.28
2.2719,43.064,86.177,129.27
2.2731,42.949,86.203,129.29
2.2742,43.476,86.222,129.28
2.2752,43.016,86.13,129.25
2.2759,43.166,86.203,129.28
2.2768,43.066,86.174,129.27
2.2777,43.07,86.19,129.28
2.2788,43.199,86.19,129.28
2.2801,43.056,86.1,129.24
2.2808,43.244,86.214,129.29
2.2815,43.002,86.179,129.28
2.2824,43.128,86.19,129.28
2.2835,43.121,86.173,129.27
2.2846,42.857,86.176,129.28
2.2857,43.226,86.249,129.3
2.2866,43.229,86.149,129.26
2.2874,43.082,86.199,129.28
2.2883,43.158,86.177,129.27
2.2893,42.988,86.174,129.27
2.2905,43.047,86.23,129.3
2.2915,43.383,86.174,129.26
2.2923,42.949,86.182,129.28
2.2932,43.173,86.197,129.28
2.2943,43.146,86.161,129.26
2.2953,42.918,86.186,129.28
2.2962,43.223,86.206,129.28
2.2973,43.165,86.152,129.26
2.2981,42.99,86.194,129.28
2.2991,43.201,86.191,129.28
2.3002,43.057,86.156,129.26
2.3012,42.884,86.201,129.29
2.3021,43.23,86.187,129.27
2.303,43.017,86.169,129.27
2.3041,43.02,86.206,129.29
2.305,43.233,86.185,129.27
2.306,42.975,86.158,129.27
2.3071,42.923,86.223,129.3
2.308,43.221,86.174,129.27
2.3089,42.996,86.18,129.28
2.3099,43.14,86.207,129.29
2.311,43.314,86.165,129.26
2.3119,42.906,86.178,129.28
2.3128,43.18,86.201,129.28
2.3138,43.114,86.169,129.27
2.3147,43.006,86.189,129.28
2.3158,43.205,86.202,129.28
2.3169,43.223,86.14,129.25
2.3178,42.885,86.193,129.29
2.3187,43.22,86.191,129.28
2.3197,43.039,86.166,129.27
2.3207,42.996,86.201,129.29
2.3216,43.213,86.188,129.28
2.3227,43.015,86.16,129.27
2.3237,42.891,86.213,129.3
2.3246,43.247,86.182,129.27
2.3255,42.998,86.174,129.27
2.3266,43.074,86.212,129.29
2.3276,43.277,86.178,129.27
2.3285,42.956,86.173,129.28
2.3295,43.115,86.21,129.29
2.3305,43.186,86.173,129.27
2.3314,42.994,86.182,129.28
2.3325,43.154,86.21,129.29
2.3333,43.107,86.173,129.27
2.3342,43.06,86.19,129.28
2.3353,43.198,86.196,129.28
2.3363,43.075,86.168,129.27
2.3373,43.014,86.194,129.28
2.3383,43.203,86.194,129.28
2.3394,43.088,86.148,129.26
2.3404,42.847,86.199,129.29
2.3412,43.222,86.185,129.27
2.3422,43.014,86.172,129.27
2.3433,43.018,86.211,129.29
2.3442,43.283,86.185,129.27
2.3452,42.956,86.16,129.27
2.3462,43.012,86.219,129.3
2.3471,43.179,86.174,129.27
2.3481,42.983,86.179,129.28
2.3491,43.131,86.217,129.29
2.3502,43.338,86.167,129.26
2.351,42.945,86.184,129.28
2.352,43.177,86.196,129.28
2.353,43.135,86.16,129.26
2.354,42.905,86.189,129.29
2.355,43.226,86.203,129.28
2.356,43.118,86.156,129.26
2.3569,42.997,86.195,129.29
2.3578,43.188,86.189,129.28
2.3589,43.049,86.159,129.27
2.36,42.829,86.205,129.3
2.3609,43.264,86.189,129.27
2.3618,43.008,86.172,129.27
2.3628,43.073,86.203,129.29
2.3637,43.198,86.182,129.27
2.3648,42.972,86.166,129.27
2.3658,42.981,86.227,129.3
2.3667,43.253,86.175,129.27
2.3677,42.971,86.177,129.28
2.3687,43.135,86.208,129.29
2.3697,43.222,86.17,129.27
2.3706,42.966,86.181,129.28
2.3716,43.164,86.207,129.29
2.3727,43.241,86.162,129.26
2.3736,42.941,86.185,129.28
2.3745,43.189,86.201,129.28
2.3756,43.173,86.155,129.26
2.3765,42.921,86.19,129.29
2.3775,43.222,86.201,129.28
2.3785,43.109,86.157,129.26
2.3794,42.986,86.195,129.29
2.3803,43.191,86.19,129.28
2.3814,43.05,86.16,129.27
2.3825,42.861,86.204,129.29
2.3834,43.256,86.19,129.28
2.3843,43.013,86.17,129.27
2.3853,43.056,86.203,129.29
2.3862,43.196,86.183,129.27
2.3873,42.973,86.162,129.27
2.3882,43.114,86.2,129.28
2.389,43.105,86.179,129.28
2.3901,43.019,86.185,129.28
2.3913,43.206,86.235,129.3
2.3921,43.008,86.17,129.27
2.3928,43.136,86.19,129.28
2.3938,43.087,86.178,129.28
2.395,42.95,86.19,129.28
2.3961,43.326,86.236,129.29
2.3969,42.966,86.172,129.28
2.3976,43.148,86.188,129.28
2.3986,43.067,86.179,129.28
2.3998,42.962,86.201,129.29
2.4009,43.442,86.223,129.29
2.4017,42.944,86.177,129.28
2.4024,43.15,86.187,129.28
2.4034,43.056,86.178,129.28
2.4047,42.915,86.214,129.3
2.4057,43.569,86.222,129.28
2.4066,42.926,86.144,129.26
2.4074,43.192,86.197,129.28
2.4082,43.055,86.178,129.28
2.4092,43.083,86.193,129.28
2.4103,43.233,86.188,129.28
2.4115,42.936,86.126,129.26
2.4123,43.213,86.205,129.28
2.413,43.033,86.182,129.28
2.4139,43.114,86.192,129.28
2.4151,43.191,86.175,129.27
2.4162,42.807,86.154,129.27
2.417,43.209,86.197,129.28
2.4178,43.045,86.182,129.28
2.4188,43.103,86.194,129.28
2.42,43.245,86.179,129.27
2.4211,42.829,86.14,129.27
2.4218,43.219,86.199,129.28
2.4226,43.039,86.183,129.28
2.4236,43.115,86.193,129.28
2.4248,43.235,86.172,129.27
2.4259,42.749,86.146,129.27
2.4267,43.241,86.195,129.28
2.4274,43.034,86.185,129.28
2.4284,43.128,86.193,129.28
2.4297,43.27,86.158,129.26
2.4307,42.617,86.15,129.28
2.4316,43.266,86.228,129.29
2.4324,42.995,86.173,129.28
2.4332,43.129,86.19,129.28
2.4342,43.103,86.178,129.27
2.4354,42.946,86.184,129.28
2.4365,43.244,86.249,129.3
2.4372,42.965,86.167,129.27
2.438,43.156,86.189,129.28
2.4389,43.066,86.179,129.28
2.4401,43.002,86.2,129.29
2.4412,43.396,86.213,129.28
2.442,42.971,86.175,129.28
2.4428,43.141,86.19,129.28
2.4438,43.082,86.178,129.28
2.445,42.947,86.193,129.29
2.4461,43.339,86.229,129.29
2.4468,42.976,86.173,129.28
2.4476,43.143,86.189,129.28
2.4486,43.075,86.178,129.28
2.4498,42.95,86.197,129.29
2.4509,43.398,86.228,129.29
2.4516,42.954,86.176,129.28
2.4524,43.149,86.187,129.28
2.4534,43.062,86.178,129.28
2.4546,42.936,86.208,129.29
2.4557,43.519,86.223,129.28
2.4566,42.973,86.137,129.26
2.4574,43.182,86.201,129.28
2.4582,43.06,86.177,129.27
2.4592,43.078,86.192,129.28
2.4603,43.208,86.19,129.28
2.4615,42.986,86.118,129.25
2.4622,43.221,86.208,129.29
2.463,43.024,86.181,129.28
2.4639,43.12,86.192,129.28
2.465,43.166,86.174,129.27
2.4661,42.818,86.163,129.28
2.467,43.2,86.199,129.28
2.4678,43.052,86.18,129.28
2.4688,43.085,86.193,129.28
2.4699,43.224,86.187,129.28
2.4711,42.932,86.131,129.26
2.4718,43.2,86.203,129.28
2.4726,43.04,86.182,129.28
2.4735,43.108,86.193,129.28
2.4747,43.209,86.178,129.27
2.4758,42.826,86.147,129.27
2.4766,43.21,86.198,129.28
2.4774,43.044,86.183,129.28
2.4784,43.109,86.193,129.28
2.4796,43.247,86.176,129.27
2.4807,42.787,86.142,129.27
2.4814,43.234,86.197,129.28
2.4822,43.036,86.184,129.28
2.4831,43.124,86.193,129.28
2.4844,43.248,86.164,129.26
2.4855,42.665,86.149,129.27
2.4864,43.226,86.236,129.3
2.4872,43.006,86.169,129.27
2.488,43.124,86.191,129.28
2.489,43.108,86.179,129.27
2.4901,42.97,86.182,129.28
2.4913,43.195,86.258,129.31
2.492,42.954,86.163,129.27
2.4927,43.167,86.189,129.28
2.4937,43.06,86.179,129.28
2.4948,43.03,86.2,129.29
2.4959,43.383,86.205,129.28
2.4968,42.978,86.173,129.28
2.4976,43.134,86.193,129.28
2.4986,43.102,86.178,129.27
2.4997,42.976,86.185,129.28
2.5008,43.234,86.237,129.3
2.5016,42.998,86.169,129.27
2.5023,43.14,86.19,129.28
2.5033,43.083,86.178,129.28
2.5045,42.965,86.192,129.29
2.5056,43.336,86.23,129.29
2.5064,42.974,86.173,129.28
2.5071,43.144,86.189,129.28
2.5081,43.073,86.178,129.28
2.5093,42.948,86.199,129.29
2.5104,43.416,86.228,129.29
2.5112,42.948,86.176,129.28
2.5119,43.15,86.187,129.28
2.5129,43.058,86.178,129.28
2.5142,42.929,86.213,129.3
2.5152,43.562,86.222,129.28
2.5162,42.936,86.14,129.26
2.5169,43.194,86.199,129.28
2.5177,43.054,86.178,129.28
2.5187,43.085,86.193,129.28
2.5198,43.218,86.187,129.28
2.521,42.934,86.129,129.26
2.5217,43.207,86.204,129.28
2.5225,43.037,86.182,129.28
2.5234,43.112,86.193,129.28
2.5246,43.202,86.176,129.27
2.5257,42.811,86.151,129.27
2.5265,43.212,86.198,129.28
2.5273,43.044,86.183,129.28
2.5283,43.108,86.194,129.28
2.5295,43.249,86.176,129.27
2.5306,42.799,86.142,129.27
2.5313,43.229,86.198,129.28
2.5321,43.037,86.184,129.28
2.5331,43.121,86.193,129.28
2.5343,43.244,86.167,129.27
2.5354,42.699,86.148,129.27
2.5363,43.193,86.238,129.3
2.5371,43.017,86.167,129.27
2.5379,43.117,86.192,129.28
2.5389,43.116,86.18,129.27
2.54,42.974,86.179,129.28
2.5413,43.119,86.277,129.32
2.542,42.925,86.154,129.27
2.5427,43.192,86.189,129.28
2.5436,43.05,86.18,129.28
2.5446,43.077,86.199,129.29
2.5458,43.34,86.189,129.27
2.5468,42.907,86.135,129.26
2.5478,42.979,86.226,129.3
2.5486,43.105,86.167,129.27
2.5495,43.024,86.19,129.28
2.5505,43.199,86.198,129.28
2.5517,43.176,86.139,129.26
2.5526,42.825,86.195,129.29
2.5535,43.228,86.188,129.28
2.5544,43.021,86.171,129.27
2.5555,43.021,86.206,129.29
2.5564,43.237,86.186,129.28
2.5575,42.978,86.158,129.27
2.5583,43.116,86.2,129.28
2.5592,43.097,86.179,129.28
2.5602,43.028,86.187,129.28
2.5614,43.229,86.225,129.29
2.5622,43.025,86.172,129.27
2.563,43.124,86.191,129.28
2.564,43.103,86.179,129.28
2.5652,42.924,86.182,129.28
2.5664,43.251,86.261,129.31
2.5671,42.927,86.165,129.27
2.5678,43.173,86.187,129.28
2.5687,43.052,86.18,129.28
2.5699,43.045,86.206,129.29
2.571,43.483,86.2,129.27
2.572,42.896,86.135,129.26
2.5728,43.15,86.209,129.29
2.5736,43.061,86.176,129.27
2.5745,43.075,86.192,129.28
2.5756,43.199,86.19,129.28
2.5769,43.003,86.118,129.25
2.5776,43.215,86.209,129.29
2.5783,43.025,86.181,129.28
2.5792,43.118,86.192,129.28
2.5804,43.166,86.175,129.27
2.5815,42.836,86.162,129.28
2.5823,43.192,86.199,129.28
2.5832,43.057,86.179,129.28
2.5841,43.08,86.193,129.28
2.5853,43.227,86.189,129.28
2.5864,42.957,86.123,129.25
2.5872,43.214,86.206,129.28
2.5879,43.031,86.182,129.28
2.5889,43.116,86.192,129.28
2.59,43.182,86.175,129.27
2.5911,42.815,86.157,129.27
2.5919,43.204,86.198,129.28
2.5927,43.048,86.181,129.28
2.5937,43.096,86.194,129.28
2.5949,43.24,86.182,129.27
2.596,42.869,86.137,129.26
2.5968,43.211,86.201,129.28
2.5975,43.04,86.183,129.28
2.5985,43.112,86.193,129.28
2.5997,43.224,86.175,129.27
2.6008,42.782,86.146,129.27
2.6016,43.229,86.197,129.28
2.6023,43.038,86.184,129.28
2.6033,43.121,86.194,129.28
2.6046,43.256,86.167,129.27
2.6056,42.699,86.147,129.27
2.6066,43.195,86.236,129.3
2.6073,43.018,86.168,129.27
2.6082,43.115,86.192,129.28
2.6091,43.118,86.18,129.27
2.6103,42.968,86.178,129.28
2.6113,43.134,86.208,129.29
2.6123,43.203,86.172,129.27
2.6132,42.975,86.182,129.28
2.6142,43.161,86.21,129.29
2.6153,43.283,86.161,129.26
2.6162,42.934,86.185,129.28
2.6171,43.187,86.198,129.28
2.6182,43.135,86.159,129.27
2.6191,42.922,86.191,129.29
2.6201,43.22,86.2,129.28
2.6211,43.099,86.158,129.27
2.622,42.983,86.196,129.29
2.623,43.193,86.19,129.28
2.624,43.05,86.161,129.27
2.6251,42.872,86.205,129.29
2.626,43.253,86.19,129.28
2.6269,43.014,86.17,129.27
2.6279,43.051,86.204,129.29
2.6288,43.199,86.184,129.27
2.6299,42.973,86.161,129.27
2.6308,43.116,86.2,129.28
2.6316,43.102,86.18,129.28
2.6327,43.024,86.186,129.28
2.6339,43.217,86.23,129.3
2.6347,43.017,86.171,129.27
2.6355,43.13,86.191,129.28
2.6364,43.094,86.179,129.28
2.6376,42.936,86.187,129.28
2.6388,43.3,86.246,129.3
2.6395,42.952,86.17,129.28
2.6402,43.157,86.188,129.28
2.6412,43.061,86.179,129.28
2.6424,42.995,86.205,129.29
2.6435,43.469,86.214,129.28
2.6443,42.942,86.178,129.28
2.6451,43.152,86.188,129.28
2.646,43.06,86.177,129.28
2.6473,42.926,86.208,129.29
2.6483,43.467,86.219,129.28
2.6493,42.99,86.143,129.26
2.65,43.158,86.201,129.28
2.6509,43.075,86.177,129.27
2.6519,43.059,86.191,129.28
2.653,43.223,86.198,129.28
2.6539,43.06,86.169,129.27
2.6549,43.044,86.196,129.28
2.6559,43.185,86.189,129.28
2.657,43.031,86.146,129.26
2.6578,43.115,86.202,129.29
2.6586,43.085,86.179,129.28
2.6597,43.043,86.19,129.28
2.6609,43.25,86.211,129.29
2.6617,43.043,86.173,129.27
2.6625,43.105,86.192,129.28
2.6636,43.135,86.181,129.28
2.6648,42.933,86.166,129.27
2.6656,43.141,86.2,129.28
2.6665,43.09,86.179,129.28
2.6675,43.038,86.189,129.28
2.6687,43.231,86.212,129.29
2.6695,43.052,86.173,129.27
2.6704,43.101,86.192,129.28
2.6714,43.14,86.182,129.28
2.6726,42.931,86.161,129.27
2.6734,43.146,86.199,129.28
2.6743,43.08,86.18,129.28
2.6753,43.052,86.191,129.28
2.6765,43.25,86.205,129.28
2.6774,43.046,86.172,129.27
2.6782,43.092,86.193,129.28
2.6793,43.15,86.183,129.28
2.6804,42.957,86.159,129.27
2.6813,43.134,86.199,129.28
2.6821,43.084,86.18,129.28
2.6832,43.046,86.19,129.28
2.6844,43.255,86.211,129.29
2.6852,43.04,86.173,129.27
2.686,43.106,86.192,129.28
2.6871,43.132,86.181,129.28
2.6882,42.933,86.167,129.27
2.6891,43.141,86.2,129.28
2.69,43.094,86.178,129.28
2.691,43.034,86.188,129.28
2.6922,43.225,86.213,129.29
2.693,43.053,86.173,129.27
2.6938,43.101,86.192,129.28
2.6949,43.139,86.182,129.28
2.6961,42.927,86.161,129.27
2.6969,43.148,86.199,129.28
2.6978,43.079,86.18,129.28
2.6988,43.053,86.191,129.28
2.7,43.25,86.204,129.28
2.7009,43.047,86.172,129.27
2.7017,43.09,86.194,129.28
2.7027,43.153,86.184,129.28
2.7039,42.961,86.158,129.27
2.7048,43.134,86.199,129.28
2.7056,43.083,86.18,129.28
2.7066,43.048,86.19,129.28
2.7078,43.257,86.21,129.29
2.7087,43.039,86.173,129.27
2.7095,43.106,86.192,129.28
2.7105,43.133,86.181,129.28
2.7117,42.935,86.167,129.27
2.7126,43.14,86.2,129.28
2.7135,43.095,86.178,129.28
2.7145,43.033,86.188,129.28
2.7157,43.224,86.214,129.29
2.7165,43.052,86.173,129.27
2.7173,43.103,86.192,129.28
2.7184,43.137,86.182,129.28
2.7196,42.925,86.163,129.27
2.7204,43.148,86.199,129.28
2.7213,43.081,86.179,129.28
2.7223,43.05,86.19,129.28
2.7235,43.245,86.205,129.28
2.7243,43.05,86.172,129.27
2.7252,43.091,86.193,129.28
2.7262,43.152,86.184,129.28
2.7274,42.957,86.156,129.27
2.7282,43.138,86.199,129.28
2.7291,43.08,86.18,129.28
2.7301,43.053,86.191,129.28
2.7313,43.261,86.206,129.28
2.7322,43.04,86.173,129.27
2.733,43.1,86.193,129.28
2.734,43.142,86.182,129.28
2.7352,42.95,86.164,129.27
2.7361,43.132,86.2,129.28
2.7369,43.093,86.179,129.28
2.738,43.035,86.188,129.28
2.7392,43.235,86.217,129.29
2.74,43.041,86.173,129.27
2.7408,43.112,86.191,129.28
2.7418,43.123,86.18,129.28
2.743,42.919,86.171,129.28
2.7439,43.151,86.202,129.28
2.7448,43.102,86.176,129.27
2.7458,43.029,86.188,129.28
2.7469,43.212,86.21,129.29
2.7478,43.066,86.173,129.27
2.7486,43.09,86.192,129.28
2.7497,43.155,86.185,129.28
2.7509,42.948,86.148,129.27
2.7517,43.16,86.2,129.28
2.7525,43.063,86.181,129.28
2.7535,43.08,86.193,129.28
2.7547,43.26,86.191,129.28
2.7559,42.956,86.106,129.25
2.7566,43.262,86.21,129.29
2.7573,43.008,86.183,129.28
2.7582,43.132,86.191,129.28
2.7593,43.128,86.17,129.27
2.7605,42.765,86.176,129.28
2.7615,43.273,86.241,129.3
2.7623,43.092,86.157,129.27
2.7631,43.111,86.196,129.28
2.7641,43.135,86.179,129.27
2.7651,42.983,86.177,129.28
2.7663,43.071,86.249,129.31
2.7671,43.062,86.161,129.27
2.7679,43.119,86.194,129.28
2.7689,43.121,86.179,129.27
2.77,42.978,86.179,129.28
2.7712,43.12,86.266,129.32
2.7719,42.962,86.157,129.27
2.7726,43.173,86.191,129.28
2.7735,43.063,86.179,129.28
2.7746,43.047,86.196,129.28
2.7757,43.307,86.2,129.28
2.7766,43.011,86.169,129.27
2.7775,43.099,86.197,129.28
2.7785,43.14,86.181,129.28
2.7796,42.98,86.173,129.28
2.7805,43.111,86.202,129.29
2.7815,43.148,86.178,129.27
2.7825,42.992,86.179,129.28
2.7836,43.11,86.231,129.3
2.7844,43.093,86.168,129.27
2.7853,43.09,86.193,129.28
2.7863,43.162,86.184,129.28
2.7875,42.951,86.152,129.27
2.7883,43.148,86.2,129.28
2.7891,43.071,86.18,129.28
2.7901,43.066,86.192,129.28
2.7913,43.261,86.198,129.28
2.7922,43.035,86.168,129.27
2.7932,43.068,86.197,129.28
2.7941,43.165,86.184,129.28
2.7953,42.977,86.158,129.27
2.7961,43.123,86.2,129.28
2.7969,43.09,86.18,129.28
2.798,43.037,86.188,129.28
2.7992,43.249,86.218,129.29
2.8,43.031,86.173,129.27
2.8008,43.118,86.191,129.28
2.8018,43.113,86.179,129.28
2.803,42.919,86.177,129.28
2.804,43.164,86.208,129.29
2.8049,43.142,86.17,129.27
2.8059,43.012,86.188,129.28
2.8069,43.207,86.209,129.29
2.8078,43.073,86.173,129.27
2.8087,43.082,86.192,129.28
2.8097,43.164,86.186,129.28
2.811,42.973,86.137,129.26
2.8117,43.176,86.203,129.28
2.8125,43.051,86.181,129.28
2.8135,43.096,86.193,129.28
2.8147,43.234,86.183,129.27
2.8158,42.868,86.133,129.26
2.8165,43.22,86.201,129.28
2.8173,43.036,86.183,129.28
2.8183,43.117,86.193,129.28
2.8195,43.217,86.171,129.27
2.8206,42.749,86.15,129.27
2.8213,43.237,86.195,129.28
2.8221,43.036,86.184,129.28
2.8231,43.125,86.194,129.28
2.8243,43.267,86.163,129.26
2.8254,42.675,86.149,129.27
2.8263,43.226,86.231,129.3
2.8271,43.011,86.171,129.27
2.8279,43.119,86.191,129.28
2.8289,43.115,86.179,129.27
2.83,42.957,86.179,129.28
2.8313,43.139,86.275,129.32
2.832,42.93,86.155,129.27
2.8327,43.187,86.189,129.28
2.8336,43.053,86.18,129.28
2.8347,43.071,86.199,129.29
2.8358,43.339,86.192,129.27
2.8368,42.927,86.13,129.26
2.8378,42.984,86.222,129.3
2.8385,43.101,86.168,129.27
2.8395,43.021,86.189,129.28
2.8405,43.202,86.2,129.28
2.8417,43.194,86.139,129.25
2.8426,42.842,86.194,129.29
2.8435,43.225,86.189,129.28
2.8444,43.025,86.17,129.27
2.8455,43.014,86.205,129.29
2.8464,43.231,86.187,129.28
2.8475,42.989,86.159,129.27
2.8483,43.108,86.2,129.28
2.8492,43.103,86.18,129.28
2.8502,43.02,86.185,129.28
2.8515,43.21,86.236,129.3
2.8522,43.003,86.17,129.27
2.853,43.139,86.19,129.28
2.854,43.083,86.178,129.28
2.8551,42.955,86.192,129.29
2.8563,43.343,86.232,129.29
2.857,42.968,86.173,129.28
2.8578,43.146,86.188,129.28
2.8587,43.069,86.179,129.28
2.86,42.952,86.201,129.29
2.8611,43.44,86.225,129.29
2.8618,42.942,86.177,129.28
2.8626,43.151,86.187,129.28
2.8636,43.055,86.178,129.28
2.8648,42.915,86.217,129.3
2.8659,43.607,86.222,129.28
2.8668,42.902,86.145,129.26
2.8675,43.202,86.195,129.28
2.8684,43.05,86.179,129.28
2.8694,43.091,86.194,129.28
2.8705,43.244,86.185,129.27
2.8716,42.895,86.134,129.26
2.8724,43.206,86.202,129.28
2.8731,43.041,86.182,129.28
2.8741,43.11,86.193,129.28
2.8753,43.216,86.176,129.27
2.8764,42.805,86.146,129.27
2.8772,43.22,86.198,129.28
2.878,43.041,86.183,129.28
2.8789,43.115,86.194,129.28
2.8801,43.25,86.172,129.27
2.8812,42.748,86.145,129.27
2.8822,43.136,86.239,129.3
2.883,43.037,86.165,129.27
2.8838,43.101,86.193,129.28
2.8848,43.132,86.181,129.27
2.8859,42.973,86.172,129.28
2.8868,43.116,86.202,129.29
2.8878,43.134,86.178,129.27
2.8888,43,86.181,129.28
2.89,43.137,86.235,129.3
2.8907,43.053,86.167,129.27
2.8915,43.116,86.193,129.28
2.8925,43.121,86.18,129.28
2.8937,42.95,86.176,129.28
2.8946,43.141,86.206,129.29
2.8956,43.161,86.173,129.27
2.8965,42.995,86.184,129.28
2.8976,43.175,86.213,129.29
2.8985,43.084,86.173,129.27
2.8993,43.083,86.191,129.28
2.9004,43.169,86.187,129.28
2.9017,42.973,86.13,129.26
2.9024,43.197,86.204,129.28
2.9032,43.039,86.182,129.28
2.9041,43.109,86.193,129.28
2.9053,43.208,86.177,129.27
2.9064,42.821,86.149,129.27
2.9072,43.21,86.198,129.28
2.908,43.044,86.183,129.28
2.9089,43.108,86.194,129.28
2.9101,43.248,86.176,129.27
2.9112,42.794,86.141,129.27
2.912,43.232,86.198,129.28
2.9128,43.036,86.184,129.28
2.9137,43.122,86.193,129.28
2.915,43.245,86.165,129.27
2.9161,42.681,86.149,129.27
2.917,43.21,86.237,129.3
2.9178,43.011,86.168,129.27
2.9186,43.121,86.192,129.28
2.9195,43.112,86.179,129.27
2.9207,42.973,86.181,129.28
2.9219,43.166,86.265,129.31
2.9226,42.945,86.16,129.27
2.9233,43.175,86.189,129.28
2.9242,43.057,86.18,129.28
2.9253,43.05,86.2,129.29
2.9265,43.363,86.199,129.28
2.9275,42.972,86.119,129.25
2.9284,43.034,86.217,129.3
2.9292,43.084,86.17,129.27
2.9302,43.015,86.191,129.28
2.9312,43.216,86.201,129.28
2.9323,43.171,86.139,129.26
2.9333,42.882,86.197,129.29
2.9341,43.208,86.186,129.27
2.9351,43.021,86.171,129.27
2.9362,42.975,86.214,129.3
2.9371,43.297,86.188,129.27
2.9381,42.973,86.163,129.27
2.9391,43.051,86.21,129.29
2.94,43.167,86.178,129.27
2.941,42.986,86.177,129.28
2.9421,43.084,86.226,129.3
2.9431,43.361,86.173,129.27
2.9439,42.953,86.183,129.28
2.9449,43.173,86.198,129.28
2.9459,43.151,86.161,129.27
2.9469,42.912,86.187,129.28
2.9479,43.226,86.208,129.28
2.9489,43.162,86.154,129.26
2.9498,42.995,86.195,129.29
2.9507,43.2,86.191,129.28
2.9518,43.056,86.157,129.27
2.9528,42.872,86.203,129.29
2.9537,43.236,86.188,129.28
2.9547,43.015,86.171,129.27
2.9557,43.033,86.207,129.29
2.9567,43.234,86.185,129.27
2.9577,42.968,86.159,129.27
2.9588,42.935,86.225,129.3
2.9596,43.212,86.173,129.27
2.9605,42.997,86.182,129.28
2.9616,43.148,86.208,129.29
2.9627,43.336,86.162,129.26
2.9636,42.89,86.18,129.28
2.9645,43.19,86.199,129.28
2.9654,43.093,86.17,129.27
2.9664,43.011,86.192,129.28
2.9674,43.205,86.199,129.28
2.9685,43.153,86.144,129.26
2.9695,42.871,86.196,129.29
2.9703,43.216,86.189,129.28
2.9713,43.028,86.169,129.27
2.9724,42.993,86.206,129.29
2.9733,43.243,86.188,129.28
2.9743,42.997,86.161,129.27
2.9754,42.957,86.214,129.3
2.9762,43.213,86.18,129.27
2.9772,42.994,86.175,129.28
2.9783,43.077,86.216,129.29
2.9792,43.291,86.177,129.27
2.9802,42.958,86.176,129.28
2.9811,43.135,86.208,129.29
2.9821,43.184,86.172,129.27
2.983,42.987,86.183,129.28
2.9841,43.165,86.21,129.29
2.985,43.1,86.173,129.27
2.9858,43.065,86.191,129.28
2.987,43.19,86.193,129.28
2.988,43.072,86.165,129.27
2.989,42.946,86.197,129.29
2.9899,43.23,86.196,129.28
2.991,43.059,86.159,129.27
2.9919,42.984,86.2,129.29
2.9928,43.191,86.187,129.28
2.9939,43.023,86.165,129.27
2.9948,43.078,86.199,129.29
2.9957,43.133,86.182,129.28
2.9968,42.984,86.173,129.28
2.9977,43.108,86.201,129.29
2.9987,43.142,86.179,129.27
2.9997,42.992,86.179,129.28
3.0009,43.097,86.235,129.3
3.0017,43.087,86.166,129.27
3.0025,43.097,86.193,129.28
3.0035,43.151,86.182,129.28
3.0046,42.95,86.162,129.27
3.0055,43.133,86.2,129.28
3.0064,43.089,86.18,129.28
3.0074,43.039,86.189,129.28
3.0086,43.242,86.214,129.29
3.0094,43.042,86.173,129.27
3.0102,43.109,86.192,129.28
3.0113,43.128,86.181,129.28
3.0125,42.923,86.169,129.28
3.0133,43.146,86.201,129.28
3.0142,43.094,86.178,129.28
3.0152,43.034,86.189,129.28
3.0164,43.22,86.21,129.29
3.0172,43.06,86.173,129.27
3.0181,43.094,86.192,129.28
3.0191,43.15,86.184,129.28
3.0203,42.94,86.153,129.27
3.0212,43.153,86.2,129.28
3.022,43.07,86.181,129.28
3.023,43.069,86.192,129.28
3.0242,43.264,86.197,129.28
3.0251,43.03,86.167,129.27
3.026,43.058,86.199,129.29
3.027,43.168,86.184,129.28
3.0281,42.976,86.159,129.27
3.029,43.122,86.2,129.28
3.0298,43.092,86.18,129.28
3.0309,43.035,86.188,129.28
3.0321,43.245,86.22,129.29
3.0329,43.03,86.173,129.27
3.0337,43.119,86.191,129.28
3.0347,43.111,86.179,129.28
3.0359,42.918,86.178,129.28
3.0371,43.18,86.279,129.32
3.0378,42.907,86.156,129.27
3.0385,43.193,86.188,129.28
3.0393,43.048,86.181,129.28
3.0404,43.084,86.201,129.29
3.0416,43.388,86.187,129.27
3.0426,42.872,86.14,129.26
3.0435,43.065,86.222,129.3
3.0443,43.085,86.17,129.27
3.0453,43.041,86.191,129.28
3.0463,43.195,86.195,129.28
3.0475,43.137,86.133,129.25
3.0485,42.727,86.198,129.3
3.0493,43.241,86.18,129.27
3.0502,43,86.177,129.28
3.0513,43.103,86.211,129.29
3.0523,43.296,86.176,129.27
3.0532,42.941,86.175,129.28
3.0542,43.142,86.208,129.29
3.0551,43.16,86.172,129.27
3.0561,43.002,86.185,129.28
3.0571,43.18,86.211,129.29
3.058,43.086,86.173,129.27
3.0589,43.078,86.191,129.28
3.0599,43.174,86.188,129.28
3.0612,43.003,86.12,129.25
3.0619,43.216,86.208,129.29
3.0627,43.026,86.182,129.28
3.0636,43.119,86.192,129.28
3.0647,43.172,86.174,129.27
3.0659,42.812,86.162,129.28
3.0667,43.203,86.198,129.28
3.0675,43.05,86.18,129.28
3.0685,43.09,86.194,129.28
3.0696,43.228,86.185,129.27
3.0708,42.91,86.135,129.26
3.0715,43.2,86.202,129.28
3.0723,43.043,86.182,129.28
3.0732,43.107,86.193,129.28
3.0744,43.218,86.178,129.27
3.0755,42.82,86.144,129.27
3.0763,43.217,86.198,129.28
3.0771,43.041,86.183,129.28
3.0781,43.114,86.193,129.28
3.0793,43.246,86.172,129.27
3.0804,42.753,86.144,129.27
3.0811,43.243,86.196,129.28
3.0819,43.034,86.185,129.28
3.0829,43.129,86.193,129.28
3.0841,43.267,86.157,129.26
3.0852,42.601,86.15,129.28
3.0861,43.276,86.229,129.29
3.0869,42.99,86.173,129.28
3.0877,43.131,86.19,129.28
3.0887,43.099,86.178,129.27
3.0898,42.946,86.185,129.28
3.091,43.265,86.244,129.3
3.0917,42.972,86.169,129.27
3.0925,43.151,86.189,129.28
3.0934,43.07,86.179,129.28
3.0946,42.986,86.199,129.29
3.0957,43.394,86.219,129.29
3.0965,42.968,86.176,129.28
3.0973,43.143,86.189,129.28
3.0983,43.075,86.178,129.28
3.0995,42.937,86.197,129.29
3.1005,43.394,86.228,129.29
3.1013,42.956,86.175,129.28
3.1021,43.148,86.188,129.28
3.103,43.064,86.178,129.28
3.1043,42.94,86.206,129.29
3.1054,43.49,86.223,129.28
3.1063,43,86.135,129.26
3.1071,43.172,86.203,129.28
3.1079,43.066,86.176,129.27
3.1088,43.072,86.192,129.28
3.11,43.205,86.192,129.28
3.1112,43.045,86.104,129.24
3.1119,43.242,86.214,129.29
3.1127,43.006,86.18,129.28
3.1135,43.128,86.191,129.28
3.1146,43.127,86.174,129.27
3.1158,42.854,86.176,129.28
3.1168,43.214,86.254,129.31
3.1177,43.219,86.151,129.26
3.1185,43.088,86.2,129.28
3.1194,43.16,86.178,129.27
3.1205,42.988,86.176,129.28
3.1216,43.051,86.231,129.3
3.1226,43.38,86.175,129.27
3.1234,42.952,86.183,129.28
3.1244,43.173,86.198,129.28
3.1254,43.15,86.162,129.27
3.1264,42.915,86.187,129.28
3.1274,43.225,86.208,129.28
3.1284,43.164,86.153,129.26
3.1293,42.993,86.195,129.29
3.1302,43.2,86.192,129.28
3.1313,43.057,86.157,129.27
3.1323,42.878,86.203,129.29
3.1332,43.234,86.188,129.28
3.1342,43.016,86.171,129.27
3.1352,43.028,86.207,129.29
3.1361,43.234,86.185,129.27
3.1372,42.97,86.158,129.27
3.138,43.12,86.2,129.28
3.1389,43.096,86.179,129.28
3.1399,43.031,86.187,129.28
3.1411,43.231,86.222,129.29
3.1419,43.032,86.173,129.27
3.1427,43.119,86.191,129.28
3.1437,43.11,86.179,129.28
3.1449,42.919,86.178,129.28
3.1461,43.186,86.277,129.32
3.1468,42.909,86.157,129.27
3.1475,43.191,86.188,129.28
3.1484,43.048,86.181,129.28
3.1495,43.081,86.201,129.29
3.1507,43.394,86.188,129.27
3.1517,42.877,86.139,129.26
3.1526,43.058,86.222,129.3
3.1534,43.086,86.17,129.27
3.1543,43.037,86.191,129.28
3.1554,43.197,86.196,129.28
3.1565,43.147,86.135,129.25
3.1575,42.759,86.197,129.29
3.1583,43.235,86.182,129.27
3.1593,43.004,86.176,129.28
3.1603,43.073,86.213,129.29
3.1613,43.302,86.18,129.27
3.1623,42.948,86.172,129.28
3.1633,43.118,86.21,129.29
3.1642,43.169,86.174,129.27
3.1651,43.003,86.184,129.28
3.1662,43.162,86.212,129.29
3.1671,43.096,86.173,129.27
3.1679,43.073,86.191,129.28
3.169,43.183,86.191,129.28
3.1703,43.064,86.099,129.24
3.171,43.259,86.216,129.29
3.1718,42.996,86.181,129.28
3.1726,43.134,86.191,129.28
3.1737,43.111,86.173,129.27
3.1749,42.835,86.182,129.28
3.1759,43.273,86.239,129.3
3.1768,43.195,86.149,129.26
3.1776,43.085,86.201,129.29
3.1785,43.161,86.179,129.27
3.1796,42.986,86.175,129.28
3.1807,43.04,86.232,129.3
3.1817,43.368,86.175,129.27
3.1825,42.954,86.183,129.28
3.1835,43.17,86.199,129.28
3.1845,43.158,86.163,129.27
3.1855,42.925,86.186,129.28
3.1865,43.223,86.211,129.29
3.1875,43.209,86.151,129.26
3.1884,42.988,86.196,129.29
3.1893,43.194,86.19,129.28
3.1904,43.043,86.161,129.27
3.1914,42.864,86.207,129.3
3.1923,43.258,86.189,129.28
3.1933,43.009,86.171,129.27
3.1943,43.061,86.204,129.29
3.1952,43.205,86.183,129.27
3.1962,42.973,86.165,129.27
3.1973,42.966,86.227,129.3
3.1982,43.246,86.175,129.27
3.1991,42.979,86.179,129.28
3.2002,43.136,86.208,129.29
3.2012,43.243,86.17,129.27
3.2021,42.953,86.181,129.28
3.2031,43.166,86.206,129.29
3.2041,43.198,86.165,129.27
3.205,42.964,86.186,129.28
3.206,43.192,86.204,129.28
3.2071,43.227,86.151,129.26
3.208,42.916,86.19,129.29
3.2089,43.211,86.196,129.28
3.21,43.08,86.161,129.27
3.2109,42.969,86.197,129.29
3.2118,43.203,86.192,129.28
3.2129,43.05,86.161,129.27
3.2139,42.918,86.203,129.29
3.2148,43.232,86.189,129.28
3.2158,43.02,86.168,129.27
3.2168,43.007,86.206,129.29
3.2178,43.221,86.186,129.28
3.2188,42.99,86.163,129.27
3.2199,42.918,86.223,129.3
3.2207,43.253,86.178,129.27
3.2216,42.989,86.178,129.28
3.2227,43.123,86.209,129.29
3.2237,43.261,86.172,129.27
3.2246,42.947,86.178,129.28
3.2256,43.155,86.207,129.29
3.2266,43.18,86.169,129.27
3.2275,42.985,86.186,129.28
3.2285,43.184,86.207,129.29
3.2294,43.091,86.173,129.27
3.2303,43.065,86.191,129.28
3.2314,43.184,86.192,129.28
3.2327,43.106,86.111,129.24
3.2334,43.188,86.215,129.29
3.2342,43.026,86.177,129.28
3.2351,43.108,86.193,129.28
3.2361,43.156,86.18,129.27
3.2373,42.912,86.163,129.27
3.2381,43.152,86.2,129.28
3.239,43.08,86.179,129.28
3.24,43.051,86.191,129.28
3.2411,43.236,86.203,129.28
3.242,43.055,86.172,129.27
3.2429,43.081,86.194,129.28
3.2439,43.162,86.185,129.28
3.2451,42.972,86.149,129.27
3.2459,43.146,86.201,129.28
3.2467,43.07,86.18,129.28
3.2478,43.068,86.192,129.28
3.2489,43.261,86.197,129.28
3.2499,43.032,86.167,129.27
3.2508,43.059,86.199,129.29
3.2518,43.168,86.184,129.28
3.2529,42.976,86.158,129.27
3.2537,43.124,86.2,129.28
3.2546,43.089,86.18,129.28
3.2556,43.039,86.189,129.28
3.2568,43.25,86.217,129.29
3.2576,43.033,86.173,129.28
3.2584,43.116,86.191,129.28
3.2595,43.117,86.18,129.28
3.2607,42.919,86.175,129.28
3.2616,43.157,86.206,129.29
3.2625,43.125,86.173,129.27
3.2635,43.017,86.188,129.28
3.2646,43.209,86.212,129.29
3.2654,43.066,86.173,129.27
3.2663,43.092,86.192,129.28
3.2673,43.153,86.184,129.28
3.2686,42.944,86.15,129.27
3.2694,43.158,86.2,129.28
3.2702,43.065,86.181,129.28
3.2712,43.077,86.193,129.28
3.2724,43.262,86.193,129.28
3.2735,42.981,86.1,129.24
3.2743,43.268,86.213,129.29
3.275,43,86.182,129.28
3.2758,43.134,86.19,129.28
3.277,43.115,86.171,129.27
3.2781,42.795,86.18,129.29
3.2791,43.283,86.238,129.3
3.28,43.133,86.153,129.26
3.2808,43.101,86.198,129.28
3.2818,43.156,86.179,129.27
3.2828,42.981,86.175,129.28
3.284,43.043,86.236,129.3
3.2849,43.378,86.173,129.26
3.2857,42.96,86.186,129.28
3.2867,43.177,86.196,129.28
3.2878,43.138,86.157,129.26
3.2888,42.871,86.189,129.29
3.2897,43.235,86.202,129.28
3.2907,43.088,86.16,129.27
3.2916,43.016,86.196,129.29
3.2925,43.18,86.188,129.28
3.2936,43.035,86.159,129.27
3.2945,43.082,86.199,129.29
3.2954,43.117,86.181,129.28
3.2965,42.993,86.179,129.28
3.2975,43.118,86.208,129.29
3.2985,43.254,86.174,129.27
3.2995,42.948,86.177,129.28
3.3005,43.144,86.21,129.29
3.3014,43.185,86.171,129.27
3.3023,42.993,86.185,129.28
3.3034,43.176,86.207,129.29
3.3043,43.096,86.173,129.27
3.3052,43.062,86.191,129.28
3.3063,43.189,86.194,129.28
3.3075,43.156,86.11,129.24
3.3083,43.159,86.216,129.29
3.309,43.037,86.175,129.27
3.3099,43.095,86.193,129.28
3.311,43.163,86.183,129.28
3.3121,42.942,86.157,129.27
3.313,43.144,86.2,129.28
3.3138,43.077,86.18,129.28
3.3148,43.056,86.191,129.28
3.316,43.255,86.204,129.28
3.3169,43.044,86.172,129.27
3.3178,43.089,86.194,129.28
3.3188,43.152,86.184,129.28
3.3199,42.963,86.159,129.27
3.3208,43.13,86.199,129.28
3.3216,43.087,86.18,129.28
3.3227,43.042,86.189,129.28
3.3239,43.252,86.214,129.29
3.3247,43.037,86.174,129.27
3.3255,43.111,86.192,129.28
3.3266,43.124,86.18,129.28
3.3277,42.923,86.171,129.28
3.3286,43.148,86.202,129.29
3.3295,43.105,86.176,129.27
3.3305,43.027,86.188,129.28
3.3317,43.211,86.212,129.29
3.3325,43.063,86.173,129.27
3.3334,43.094,86.192,129.28
3.3344,43.15,86.184,129.28
3.3356,42.937,86.152,129.27
3.3364,43.156,86.2,129.28
3.3372,43.067,86.181,129.28
3.3383,43.073,86.192,129.28
3.3394,43.264,86.195,129.28
3.3404,43.022,86.164,129.27
3.3414,43.037,86.202,129.29
3.3423,43.175,86.183,129.28
3.3434,42.985,86.164,129.27
3.3442,43.108,86.2,129.28
3.3451,43.109,86.18,129.28
3.3462,43.014,86.184,129.28
3.3474,43.184,86.247,129.3
3.3482,42.981,86.166,129.27
3.3489,43.153,86.19,129.28
3.3498,43.07,86.179,129.28
3.351,42.993,86.198,129.29
3.3521,43.373,86.216,129.28
3.3529,42.98,86.175,129.28
3.3537,43.138,86.19,129.28
3.3547,43.084,86.178,129.28
3.3559,42.943,86.192,129.29
3.357,43.338,86.233,129.29
3.3577,42.969,86.173,129.28
3.3585,43.146,86.189,129.28
3.3595,43.07,86.179,129.28
3.3607,42.957,86.2,129.29
3.3618,43.43,86.225,129.29
3.3625,42.947,86.177,129.28
3.3633,43.15,86.187,129.28
3.3643,43.058,86.178,129.28
3.3655,42.921,86.213,129.3
3.3666,43.56,86.222,129.28
3.3675,42.935,86.142,129.26
3.3683,43.192,86.198,129.28
3.3691,43.056,86.178,129.28
3.3701,43.083,86.193,129.28
3.3712,43.225,86.188,129.28
3.3724,42.943,86.126,129.26
3.3731,43.212,86.205,129.28
3.3739,43.033,86.182,129.28
3.3748,43.115,86.193,129.28
3.376,43.191,86.175,129.27
3.3771,42.809,86.155,129.27
3.3779,43.209,86.198,129.28
3.3787,43.046,86.182,129.28
3.3797,43.103,86.194,129.28
3.3809,43.245,86.18,129.27
3.382,42.835,86.14,129.26
3.3827,43.218,86.199,129.28
3.3835,43.04,86.183,129.28
3.3845,43.115,86.193,129.28
3.3857,43.234,86.172,129.27
3.3868,42.754,86.146,129.27
3.3875,43.24,86.196,129.28
3.3883,43.035,86.185,129.28
3.3893,43.127,86.194,129.28
3.3905,43.268,86.16,129.26
3.3916,42.631,86.149,129.28
3.3925,43.257,86.23,129.29
3.3933,42.998,86.172,129.28
3.3941,43.127,86.191,129.28
3.3951,43.105,86.178,129.27
3.3962,42.952,86.183,129.28
3.3974,43.229,86.252,129.31
3.3981,42.96,86.166,129.27
3.3989,43.16,86.189,129.28
3.3998,43.063,86.179,129.28
3.4009,43.013,86.2,129.29
3.4021,43.398,86.21,129.28
3.4029,42.972,86.175,129.28
3.4037,43.14,86.191,129.28
3.4047,43.087,86.178,129.28
3.4058,42.957,86.19,129.28
3.4069,43.306,86.23,129.29
3.4077,42.989,86.172,129.28
3.4085,43.139,86.19,129.28
3.4094,43.082,86.178,129.28
3.4106,42.951,86.193,129.29
3.4118,43.358,86.233,129.29
3.4125,42.962,86.174,129.28
3.4133,43.148,86.188,129.28
3.4142,43.065,86.179,129.28
3.4155,42.951,86.204,129.29
3.4166,43.475,86.223,129.28
3.4175,43.019,86.132,129.26
3.4183,43.166,86.205,129.29
3.4191,43.068,86.175,129.27
3.42,43.071,86.191,129.28
3.4211,43.2,86.192,129.28
3.4224,43.058,86.101,129.24
3.4231,43.245,86.216,129.29
3.4238,43.002,86.18,129.28
3.4247,43.13,86.191,129.28
3.4258,43.121,86.174,129.27
3.4269,42.859,86.178,129.28
3.428,43.23,86.25,129.3
3.4289,43.232,86.15,129.26
3.4297,43.082,86.201,129.29
3.4306,43.159,86.178,129.27
3.4316,42.989,86.176,129.28
3.4328,43.048,86.232,129.3
3.4338,43.386,86.175,129.27
3.4346,42.95,86.183,129.28
3.4355,43.174,86.198,129.28
3.4366,43.146,86.162,129.27
3.4376,42.918,86.188,129.28
3.4386,43.224,86.207,129.28
3.4396,43.163,86.153,129.26
3.4405,42.991,86.195,129.29
3.4414,43.2,86.192,129.28
3.4425,43.057,86.158,129.27
3.4435,42.882,86.203,129.29
3.4444,43.233,86.188,129.28
3.4453,43.018,86.17,129.27
3.4464,43.025,86.206,129.29
3.4473,43.23,86.185,129.27
3.4484,42.974,86.159,129.27
3.4492,43.117,86.2,129.28
3.4501,43.098,86.179,129.28
3.4511,43.027,86.187,129.28
3.4523,43.226,86.226,129.29
3.4531,43.025,86.172,129.27
3.4539,43.125,86.191,129.28
3.4549,43.102,86.179,129.28
3.4561,42.925,86.183,129.28
3.4573,43.256,86.26,129.31
3.458,42.93,86.165,129.27
3.4587,43.171,86.187,129.28
3.4596,43.053,86.18,129.28
3.4608,43.04,86.206,129.29
3.4619,43.481,86.201,129.27
3.4629,42.905,86.132,129.26
3.4637,43.15,86.209,129.29
3.4645,43.06,86.176,129.27
3.4654,43.076,86.192,129.28
3.4665,43.198,86.189,129.28
3.4678,42.996,86.121,129.25
3.4685,43.211,86.208,129.29
3.4692,43.028,86.181,129.28
3.4702,43.116,86.193,129.28
3.4713,43.174,86.176,129.27
3.4724,42.833,86.16,129.27
3.4732,43.194,86.199,129.28
3.4741,43.054,86.18,129.28
3.475,43.087,86.193,129.28
3.4762,43.235,86.187,129.28
3.4773,42.919,86.129,129.26
3.4781,43.212,86.204,129.28
3.4788,43.036,86.182,129.28
3.4798,43.114,86.193,129.28
3.481,43.2,86.175,129.27
3.4821,42.799,86.152,129.27
3.4829,43.215,86.197,129.28
3.4837,43.043,86.183,129.28
3.4846,43.109,86.194,129.28
3.4858,43.249,86.176,129.27
3.4869,42.795,86.143,129.27
3.4877,43.228,86.198,129.28
3.4885,43.037,86.184,129.28
3.4894,43.12,86.193,129.28
3.4907,43.246,86.168,129.27
3.4917,42.707,86.148,129.27
3.4927,43.186,86.238,129.3
3.4935,43.021,86.167,129.27
3.4943,43.115,86.192,129.28
3.4953,43.119,86.18,129.27
3.4964,42.973,86.178,129.28
3.4974,43.131,86.208,129.29
3.4984,43.211,86.172,129.27
3.4993,42.97,86.181,129.28
3.5003,43.158,86.21,129.29
3.5014,43.26,86.164,129.26
3.5023,42.947,86.185,129.28
3.5032,43.184,86.2,129.28
3.5043,43.17,86.157,129.26
3.5053,42.912,86.189,129.29
3.5062,43.225,86.203,129.28
3.5072,43.122,86.156,129.26
3.5081,42.993,86.195,129.29
3.5091,43.19,86.19,129.28
3.5101,43.052,86.16,129.27
3.5112,42.847,86.205,129.29
3.5121,43.257,86.19,129.28
3.513,43.012,86.171,129.27
3.514,43.061,86.203,129.29
3.515,43.2,86.183,129.27
3.516,42.973,86.164,129.27
3.5171,42.941,86.229,129.3
3.518,43.25,86.175,129.27
3.5189,42.985,86.18,129.28
3.5199,43.145,86.206,129.29
3.521,43.259,86.167,129.27
3.5219,42.928,86.18,129.28
3.5228,43.177,86.205,129.28
3.5238,43.155,86.166,129.27
3.5247,42.989,86.188,129.28
3.5258,43.209,86.207,129.28
3.5269,43.251,86.143,129.25
3.5278,42.921,86.195,129.29
3.5287,43.203,86.189,129.28
3.5297,43.038,86.167,129.27
3.5307,42.947,86.206,129.29
3.5317,43.251,86.191,129.28
3.5326,43.012,86.165,129.27
3.5336,43.015,86.206,129.29
3.5345,43.195,86.183,129.27
3.5356,42.987,86.167,129.27
3.5367,42.947,86.227,129.3
3.5376,43.281,86.178,129.27
3.5385,42.973,86.177,129.28
3.5395,43.127,86.208,129.29
3.5405,43.214,86.173,129.27
3.5414,42.971,86.181,129.28
3.5424,43.154,86.21,129.29
3.5435,43.257,86.165,129.26
3.5444,42.95,86.184,129.28
3.5453,43.182,86.201,129.28
3.5464,43.177,86.158,129.26
3.5473,42.919,86.188,129.29
3.5483,43.226,86.206,129.28
3.5493,43.145,86.154,129.26
3.5502,42.992,86.195,129.29
3.5512,43.194,86.191,129.28
3.5522,43.053,86.159,129.27
3.5533,42.861,86.204,129.29
3.5542,43.248,86.189,129.28
3.5551,43.014,86.171,129.27
3.5561,43.049,86.205,129.29
3.5571,43.212,86.184,129.27
3.5581,42.971,86.161,129.27
3.559,43.116,86.2,129.28
3.5598,43.102,86.179,129.28
3.5609,43.024,86.186,129.28
3.5621,43.217,86.23,129.3
3.5629,43.019,86.171,129.27
3.5637,43.129,86.191,129.28
3.5647,43.096,86.179,129.28
3.5658,42.934,86.186,129.28
3.567,43.291,86.249,129.3
3.5677,42.949,86.169,129.28
3.5685,43.159,86.188,129.28
3.5694,43.059,86.18,129.28
3.5706,43.003,86.205,129.29
3.5717,43.47,86.212,129.28
3.5725,42.942,86.178,129.28
3.5733,43.152,86.188,129.28
3.5743,43.064,86.177,129.28
3.5755,42.937,86.204,129.29
3.5765,43.424,86.219,129.28
3.5775,43.026,86.14,129.26
3.5783,43.138,86.203,129.29
3.5791,43.087,86.176,129.27
3.5801,43.047,86.189,129.28
3.5812,43.219,86.204,129.28
3.5821,43.066,86.173,129.27
3.583,43.077,86.193,129.28
3.5841,43.167,86.187,129.28
3.5853,42.984,86.138,129.26
3.586,43.169,86.203,129.28
3.5868,43.053,86.181,129.28
3.5878,43.092,86.193,129.28
3.589,43.234,86.185,129.27
3.5901,42.889,86.13,129.26
3.5909,43.221,86.203,129.28
3.5916,43.034,86.183,129.28
3.5926,43.118,86.193,129.28
3.5937,43.204,86.172,129.27
3.5949,42.76,86.153,129.27
3.5956,43.23,86.196,129.28
3.5964,43.038,86.184,129.28
3.5974,43.119,86.194,129.28
3.5986,43.258,86.169,129.27
3.5997,42.739,86.148,129.27
3.6006,43.167,86.235,129.3
3.6014,43.035,86.167,129.27
3.6023,43.104,86.192,129.28
3.6032,43.131,86.181,129.27
3.6044,42.966,86.172,129.28
3.6053,43.121,86.202,129.29
3.6062,43.127,86.178,129.27
3.6072,43.005,86.183,129.28
3.6084,43.163,86.236,129.3
3.6092,43.03,86.168,129.27
3.61,43.129,86.192,129.28
3.611,43.101,86.179,129.28
3.6121,42.955,86.184,129.28
3.6133,43.247,86.248,129.3
3.614,42.965,86.167,129.27
3.6147,43.156,86.189,129.28
3.6157,43.065,86.179,129.28
3.6168,43.001,86.2,129.29
3.618,43.404,86.214,129.28
3.6188,42.968,86.176,129.28
3.6196,43.143,86.19,129.28
3.6205,43.079,86.178,129.28
3.6217,42.946,86.194,129.29
3.6228,43.352,86.228,129.29
3.6236,42.974,86.174,129.28
3.6244,43.143,86.189,129.28
3.6253,43.074,86.178,129.28
3.6265,42.947,86.198,129.29
3.6276,43.404,86.228,129.29
3.6284,42.952,86.176,129.28
3.6292,43.149,86.187,129.28
3.6301,43.061,86.179,129.28
3.6314,42.934,86.21,129.29
3.6325,43.529,86.223,129.28
3.6334,42.963,86.138,129.26
3.6341,43.185,86.201,129.28
3.635,43.059,86.177,129.27
3.6359,43.08,86.192,129.28
3.637,43.21,86.189,129.28
3.6382,42.971,86.121,129.25
3.639,43.217,86.207,129.29
3.6397,43.028,86.182,129.28
3.6406,43.118,86.192,129.28
3.6418,43.177,86.174,129.27
3.6429,42.813,86.159,129.27
3.6437,43.204,86.198,129.28
3.6445,43.049,86.181,129.28
3.6455,43.093,86.194,129.28
3.6467,43.234,86.184,129.27
3.6478,42.889,86.136,129.26
3.6486,43.205,86.202,129.28
3.6493,43.042,86.182,129.28
3.6503,43.109,86.193,129.28
3.6515,43.222,86.176,129.27
3.6526,42.804,86.145,129.27
3.6534,43.223,86.198,129.28
3.6541,43.039,86.184,129.28
3.6551,43.117,86.193,129.28
3.6563,43.25,86.17,129.27
3.6574,42.729,86.146,129.27
3.6584,43.16,86.239,129.3
3.6591,43.029,86.166,129.27
3.66,43.108,86.193,129.28
3.6609,43.126,86.181,129.27
3.6621,42.973,86.175,129.28
3.663,43.121,86.204,129.29
3.664,43.161,86.176,129.27
3.665,42.988,86.18,129.28
3.6661,43.137,86.222,129.29
3.6669,43.1,86.171,129.27
3.6678,43.079,86.192,129.28
3.6688,43.178,86.188,129.28
3.6701,42.989,86.126,129.25
3.6708,43.201,86.206,129.29
3.6716,43.035,86.181,129.28
3.6725,43.111,86.193,129.28
3.6737,43.194,86.177,129.27
3.6748,42.829,86.153,129.27
3.6756,43.201,86.198,129.28
3.6764,43.049,86.182,129.28
3.6774,43.099,86.194,129.28
3.6785,43.246,86.181,129.27
3.6797,42.848,86.136,129.26
3.6804,43.221,86.2,129.28
3.6812,43.038,86.183,129.28
3.6821,43.117,86.193,129.28
3.6833,43.225,86.171,129.27
3.6844,42.744,86.149,129.27
3.6852,43.241,86.195,129.28
3.686,43.035,86.185,129.28
3.687,43.127,86.194,129.28
3.6882,43.272,86.16,129.26
3.6893,42.636,86.15,129.28
3.6902,43.255,86.228,129.29
3.691,43.001,86.173,129.28
3.6918,43.126,86.191,129.28
3.6928,43.107,86.179,129.27
3.6939,42.948,86.182,129.28
3.6951,43.215,86.256,129.31
3.6958,42.955,86.164,129.27
3.6966,43.164,86.189,129.28
3.6975,43.062,86.179,129.28
3.6986,43.025,86.2,129.29
3.6997,43.385,86.207,129.28
3.7006,42.978,86.174,129.28
3.7014,43.136,86.192,129.28
3.7024,43.098,86.178,129.28
3.7035,42.97,86.186,129.28
3.7046,43.254,86.236,129.3
3.7054,42.996,86.17,129.27
3.7062,43.139,86.19,129.28
3.7071,43.083,86.179,129.28
3.7083,42.961,86.192,129.29
3.7094,43.341,86.232,129.29
3.7102,42.97,86.173,129.28
3.7109,43.145,86.189,129.28
3.7119,43.07,86.179,129.28
3.7131,42.95,86.2,129.29
3.7142,43.434,86.226,129.29
3.715,42.944,86.177,129.28
3.7158,43.151,86.187,129.28
3.7167,43.056,86.178,129.28
3.718,42.919,86.216,129.3
3.7191,43.599,86.222,129.28
3.72,42.909,86.144,129.26
3.7207,43.201,86.196,129.28
3.7215,43.051,86.179,129.28
3.7225,43.09,86.194,129.28
3.7237,43.237,86.185,129.27
3.7248,42.902,86.134,129.26
3.7256,43.206,86.202,129.28
3.7263,43.04,86.182,129.28
3.7273,43.11,86.193,129.28
3.7284,43.215,86.176,129.27
3.7296,42.807,86.147,129.27
3.7303,43.219,86.198,129.28
3.7311,43.041,86.183,129.28
3.7321,43.114,86.194,129.28
3.7333,43.25,86.172,129.27
3.7344,42.754,86.145,129.27
3.7352,43.242,86.196,129.28
3.7359,43.034,86.185,129.28
3.7369,43.129,86.193,129.28
3.7382,43.265,86.158,129.26
3.7392,42.608,86.15,129.28
3.7401,43.272,86.229,129.29
3.7409,42.992,86.173,129.28
3.7417,43.131,86.19,129.28
3.7427,43.1,86.178,129.27
3.7439,42.948,86.185,129.28
3.745,43.259,86.245,129.3
3.7457,42.971,86.168,129.27
3.7465,43.152,86.189,129.28
3.7474,43.069,86.179,129.28
3.7486,42.99,86.199,129.29
3.7497,43.395,86.217,129.28
3.7505,42.969,86.176,129.28
3.7513,43.143,86.189,129.28
3.7523,43.076,86.178,129.28
3.7535,42.939,86.196,129.29
3.7546,43.381,86.228,129.29
3.7553,42.961,86.175,129.28
3.7561,43.147,86.188,129.28
3.7571,43.067,86.178,129.28
3.7583,42.944,86.203,129.29
3.7594,43.462,86.224,129.29
3.7603,43.032,86.133,129.26
3.7611,43.161,86.204,129.29
3.7619,43.073,86.175,129.27
3.7629,43.065,86.191,129.28
3.764,43.204,86.194,129.28
3.765,43.063,86.165,129.27
3.766,42.971,86.198,129.29
3.767,43.217,86.192,129.28
3.768,43.045,86.16,129.27
3.769,42.943,86.203,129.29
3.7699,43.214,86.187,129.28
3.7709,43.017,86.169,129.27
3.772,42.96,86.213,129.3
3.7729,43.272,86.186,129.27
3.7738,42.984,86.168,129.27
3.7749,43.041,86.212,129.29
3.7758,43.204,86.179,129.27
3.7768,42.978,86.173,129.28
3.7778,43.07,86.22,129.3
3.7788,43.266,86.175,129.27
3.7797,42.975,86.18,129.28
3.7807,43.147,86.206,129.29
3.7817,43.224,86.168,129.27
3.7826,42.948,86.182,129.28
3.7836,43.175,86.207,129.29
3.7847,43.206,86.162,129.26
3.7856,42.964,86.188,129.28
3.7865,43.195,86.201,129.28
3.7876,43.172,86.153,129.26
3.7886,42.92,86.191,129.29
3.7895,43.22,86.198,129.28
3.7905,43.086,86.159,129.27
3.7914,42.983,86.197,129.29
3.7924,43.194,86.19,129.28
3.7934,43.045,86.161,129.27
3.7945,42.872,86.206,129.29
3.7954,43.256,86.19,129.28
3.7963,43.011,86.17,129.27
3.7973,43.055,86.204,129.29
3.7983,43.2,86.183,129.27
3.7993,42.973,86.164,129.27
3.8002,43.113,86.2,129.28
3.8011,43.108,86.179,129.28
3.8021,43.018,86.185,129.28
3.8034,43.198,86.238,129.3
3.8041,43.004,86.169,129.27
3.8049,43.14,86.19,129.28
3.8058,43.083,86.178,129.28
3.807,42.961,86.192,129.29
3.8081,43.337,86.231,129.29
3.8089,42.974,86.173,129.28
3.8097,43.144,86.189,129.28
3.8106,43.072,86.178,129.28
3.8118,42.949,86.199,129.29
3.8129,43.418,86.227,129.29
3.8137,42.948,86.176,129.28
3.8145,43.15,86.187,129.28
3.8154,43.058,86.178,129.28
3.8167,42.928,86.213,129.3
3.8178,43.561,86.222,129.28
3.8187,42.937,86.141,129.26
3.8194,43.193,86.199,129.28
3.8202,43.054,86.178,129.28
3.8212,43.085,86.193,129.28
3.8223,43.219,86.187,129.28
3.8235,42.936,86.128,129.26
3.8243,43.208,86.204,129.28
3.825,43.036,86.182,129.28
3.826,43.112,86.193,129.28
3.8271,43.2,86.176,129.27
3.8282,42.811,86.151,129.27
3.829,43.211,86.198,129.28
3.8298,43.044,86.182,129.28
3.8308,43.107,86.194,129.28
3.832,43.249,86.177,129.27
3.8331,42.806,86.141,129.27
3.8339,43.227,86.198,129.28
3.8346,43.037,86.184,129.28
3.8356,43.12,86.193,129.28
3.8368,43.241,86.168,129.27
3.8379,42.711,86.148,129.27
3.8389,43.18,86.24,129.3
3.8396,43.022,86.166,129.27
3.8405,43.114,86.192,129.28
3.8414,43.119,86.18,129.27
3.8425,42.975,86.178,129.28
3.8435,43.13,86.208,129.29
3.8446,43.217,86.172,129.27
3.8455,42.968,86.181,129.28
3.8465,43.157,86.209,129.29
3.8475,43.247,86.165,129.26
3.8484,42.953,86.185,129.28
3.8494,43.183,86.201,129.28
3.8505,43.19,86.155,129.26
3.8514,42.908,86.188,129.29
3.8524,43.225,86.203,129.28
3.8534,43.124,86.157,129.26
3.8543,42.994,86.195,129.29
3.8552,43.191,86.19,129.28
3.8563,43.054,86.159,129.27
3.8574,42.847,86.204,129.29
3.8582,43.255,86.189,129.28
3.8592,43.012,86.171,129.27
3.8602,43.059,86.203,129.29
3.8611,43.202,86.183,129.27
3.8622,42.973,86.163,129.27
3.8631,43.114,86.2,129.28
3.8639,43.107,86.179,129.28
3.865,43.018,86.185,129.28
3.8662,43.201,86.237,129.3
3.867,43.006,86.169,129.27
3.8677,43.138,86.19,129.28
3.8687,43.085,86.178,129.28
3.8699,42.957,86.191,129.29
3.871,43.332,86.233,129.29
3.8718,42.971,86.173,129.28
3.8725,43.146,86.189,129.28
3.8735,43.071,86.179,129.28
3.8747,42.954,86.2,129.29
3.8758,43.427,86.226,129.29
3.8766,42.947,86.177,129.28
3.8773,43.15,86.187,129.28
3.8783,43.058,86.178,129.28
3.8796,42.922,86.214,129.3
3.8806,43.566,86.222,129.28
3.8815,42.931,86.142,129.26
3.8823,43.194,86.198,129.28
3.8831,43.054,86.178,129.28
3.8841,43.085,86.193,129.28
3.8852,43.225,86.187,129.28
3.8864,42.934,86.128,129.26
3.8871,43.209,86.204,129.28
3.8879,43.036,86.182,129.28
3.8888,43.113,86.193,129.28
3.89,43.198,86.175,129.27
3.8911,42.809,86.152,129.27
3.8919,43.211,86.198,129.28
3.8927,43.045,86.182,129.28
3.8937,43.106,86.194,129.28
3.8949,43.248,86.177,129.27
3.896,42.811,86.141,129.27
3.8967,43.225,86.198,129.28
3.8975,43.038,86.184,129.28
3.8985,43.119,86.193,129.28
3.8997,43.24,86.169,129.27
3.9008,42.72,86.148,129.27
3.9017,43.17,86.24,129.3
3.9025,43.026,86.165,129.27
3.9033,43.112,86.192,129.28
3.9043,43.121,86.18,129.27
3.9054,42.976,86.177,129.28
3.9064,43.125,86.206,129.29
3.9074,43.196,86.174,129.27
3.9083,42.974,86.18,129.28
3.9094,43.147,86.213,129.29
3.9104,43.288,86.166,129.26
3.9113,42.953,86.185,129.28
3.9122,43.179,86.198,129.28
3.9133,43.163,86.157,129.26
3.9143,42.896,86.188,129.29
3.9152,43.228,86.204,129.28
3.9163,43.121,86.157,129.26
3.9172,43.003,86.196,129.29
3.9181,43.188,86.19,129.28
3.9192,43.049,86.159,129.27
3.9203,42.817,86.206,129.3
3.9211,43.267,86.188,129.27
3.922,43.006,86.173,129.27
3.923,43.079,86.203,129.29
3.924,43.202,86.182,129.27
3.925,42.97,86.168,129.27
3.9261,43.005,86.226,129.3
3.927,43.248,86.175,129.27
3.9279,42.975,86.178,129.28
3.9289,43.138,86.208,129.29
3.93,43.233,86.17,129.27
3.9309,42.959,86.181,129.28
3.9319,43.167,86.206,129.29
3.9329,43.215,86.163,129.27
3.9338,42.954,86.186,129.28
3.9348,43.192,86.203,129.28
3.9359,43.197,86.153,129.26
3.9368,42.922,86.19,129.29
3.9377,43.219,86.199,129.28
3.9388,43.099,86.158,129.27
3.9397,42.98,86.196,129.29
3.9406,43.194,86.191,129.28
3.9417,43.051,86.161,129.27
3.9427,42.878,86.204,129.29
3.9436,43.25,86.19,129.28
3.9446,43.016,86.169,129.27
3.9456,43.044,86.204,129.29
3.9465,43.201,86.184,129.28
3.9476,42.972,86.16,129.27
3.9484,43.119,86.2,129.28
3.9493,43.097,86.18,129.28
3.9503,43.029,86.187,129.28
3.9516,43.231,86.224,129.29
3.9523,43.027,86.172,129.27
3.9531,43.123,86.191,129.28
3.9541,43.105,86.179,129.28
3.9553,42.922,86.181,129.28
3.9565,43.237,86.265,129.31
3.9572,42.923,86.163,129.27
3.9579,43.177,86.187,129.28
3.9588,43.052,86.18,129.28
3.96,43.056,86.205,129.29
3.9611,43.459,86.196,129.27
3.9621,42.893,86.136,129.26
3.9629,43.132,86.211,129.29
3.9637,43.067,86.175,129.27
3.9647,43.067,86.192,129.28
3.9658,43.2,86.192,129.28
3.967,43.065,86.104,129.24
3.9678,43.232,86.215,129.29
3.9685,43.008,86.179,129.28
3.9694,43.125,86.192,129.28
3.9704,43.13,86.176,129.27
3.9716,42.874,86.174,129.28
3.9727,43.176,86.263,129.31
3.9736,43.268,86.149,129.26
3.9743,43.082,86.202,129.29
3.9752,43.155,86.177,129.27
3.9763,42.994,86.178,129.28
3.9774,43.082,86.229,129.3
3.9784,43.431,86.173,129.26
3.9793,42.935,86.185,129.28
3.9802,43.181,86.194,129.28
3.9812,43.108,86.16,129.27
3.9822,42.889,86.193,129.29
3.9832,43.234,86.199,129.28
3.9841,43.072,86.161,129.27
3.9851,43.012,86.197,129.29
3.986,43.183,86.188,129.28
3.9871,43.031,86.16,129.27
3.988,43.082,86.199,129.29
3.9888,43.119,86.181,129.28
3.99,42.992,86.178,129.28
3.991,43.114,86.206,129.29
3.992,43.226,86.175,129.27
3.9929,42.958,86.176,129.28
3.994,43.13,86.214,129.29
3.9949,43.217,86.171,129.27
3.9958,42.987,86.184,129.28
3.9968,43.168,86.204,129.28
3.998,43.309,86.152,129.26
3.9989,42.86,86.183,129.28
3.9998,43.209,86.196,129.28
4.0007,43.069,86.168,129.27
4.0017,43.012,86.196,129.29
4.0027,43.203,86.193,129.28
4.0038,43.067,86.152,129.26
4.0048,42.848,86.203,129.29
4.0057,43.228,86.185,129.27
4.0066,43.012,86.173,129.27
4.0077,43.032,86.212,129.29
4.0087,43.283,86.185,129.27
4.0096,42.956,86.163,129.27
4.0106,43.037,86.218,129.3
4.0115,43.181,86.175,129.27
4.0125,42.99,86.18,129.28
4.0136,43.132,86.216,129.29
4.0146,43.356,86.167,129.26
4.0155,42.931,86.183,129.28
4.0164,43.179,86.197,129.28
4.0174,43.118,86.165,129.27
4.0184,42.944,86.19,129.29
4.0194,43.22,86.203,129.28
4.0204,43.142,86.153,129.26
4.0213,42.973,86.195,129.29
4.0223,43.197,86.191,129.28
4.0233,43.054,86.161,129.27
4.0243,42.899,86.203,129.29
4.0252,43.239,86.19,129.28
4.0262,43.021,86.168,129.27
4.0272,43.024,86.204,129.29
4.0282,43.208,86.185,129.28
4.0292,42.987,86.161,129.27
4.0301,43.108,86.2,129.28
4.0309,43.105,86.18,129.28
4.032,43.017,86.185,129.28
4.0332,43.201,86.24,129.3
4.034,42.995,86.169,129.27
4.0347,43.144,86.19,129.28
4.0357,43.077,86.179,129.28
4.0369,42.969,86.195,129.29
4.038,43.358,86.226,129.29
4.0388,42.974,86.174,129.28
4.0395,43.142,86.189,129.28
4.0405,43.074,86.178,129.28
4.0417,42.94,86.198,129.29
4.0428,43.405,86.229,129.29
4.0436,42.95,86.176,129.28
4.0443,43.15,86.187,129.28
4.0453,43.059,86.179,129.28
4.0466,42.936,86.211,129.3
4.0476,43.548,86.222,129.28
4.0486,42.948,86.138,129.26
4.0493,43.191,86.2,129.28
4.0501,43.055,86.178,129.28
4.0511,43.084,86.193,129.28
4.0522,43.211,86.188,129.28
4.0534,42.945,86.128,129.26
4.0541,43.207,86.205,129.28
4.0549,43.036,86.182,129.28
4.0558,43.112,86.193,129.28
4.057,43.198,86.176,129.27
4.0581,42.813,86.152,129.27
4.0589,43.209,86.198,129.28
4.0597,43.045,86.182,129.28
4.0607,43.105,86.194,129.28
4.0619,43.248,86.178,129.27
4.063,42.816,86.141,129.27
4.0637,43.225,86.199,129.28
4.0645,43.038,86.184,129.28
4.0655,43.118,86.193,129.28
4.0667,43.238,86.169,129.27
4.0678,42.723,86.148,129.27
4.0687,43.166,86.241,129.3
4.0695,43.027,86.165,129.27
4.0703,43.111,86.193,129.28
4.0713,43.121,86.18,129.27
4.0724,42.976,86.177,129.28
4.0734,43.124,86.206,129.29
4.0744,43.194,86.174,129.27
4.0754,42.974,86.18,129.28
4.0764,43.145,86.214,129.29
4.0774,43.291,86.166,129.26
4.0783,42.954,86.185,129.28
4.0792,43.178,86.198,129.28
4.0803,43.164,86.157,129.26
4.0813,42.894,86.188,129.29
4.0823,43.229,86.205,129.28
4.0833,43.122,86.157,129.26
4.0842,43.004,86.196,129.29
4.0851,43.187,86.19,129.28
4.0862,43.049,86.158,129.27
4.0873,42.811,86.207,129.3
4.0881,43.269,86.188,129.27
4.089,43.005,86.173,129.27
4.09,43.082,86.203,129.29
4.091,43.203,86.181,129.27
4.092,42.969,86.168,129.27
4.0931,43.017,86.225,129.3
4.094,43.246,86.175,129.27
4.0949,42.978,86.179,129.28
4.0959,43.141,86.208,129.29
4.097,43.242,86.169,129.27
4.0979,42.95,86.181,129.28
4.0989,43.17,86.206,129.29
4.0999,43.194,86.164,129.27
4.1008,42.964,86.187,129.28
4.1018,43.195,86.204,129.28
4.1029,43.214,86.151,129.26
4.1038,42.922,86.191,129.29
4.1047,43.213,86.196,129.28
4.1057,43.08,86.161,129.27
4.1067,42.971,86.197,129.29
4.1076,43.201,86.191,129.28
4.1087,43.047,86.162,129.27
4.1097,42.91,86.204,129.29
4.1106,43.238,86.189,129.28
4.1116,43.017,86.168,129.27
4.1126,43.02,86.206,129.29
4.1135,43.215,86.185,129.28
4.1146,42.983,86.162,129.27
4.1154,43.108,86.2,129.28
4.1163,43.108,86.18,129.28
4.1174,43.016,86.184,129.28
4.1186,43.193,86.242,129.3
4.1194,42.992,86.168,129.27
4.1201,43.147,86.19,129.28
4.1211,43.076,86.179,129.28
4.1222,42.977,86.195,129.29
4.1233,43.359,86.223,129.29
4.1241,42.978,86.175,129.28
4.1249,43.14,86.189,129.28
4.1259,43.078,86.178,129.28
4.1271,42.939,86.195,129.29
4.1282,43.382,86.231,129.29
4.1289,42.955,86.175,129.28
4.1297,43.149,86.188,129.28
4.1307,43.062,86.179,129.28
4.1319,42.946,86.207,129.29
4.133,43.506,86.223,129.28
4.1339,42.986,86.134,129.26
4.1347,43.178,86.203,129.28
4.1355,43.061,86.176,129.27
4.1365,43.077,86.192,129.28
4.1376,43.203,86.19,129.28
4.1388,42.995,86.117,129.25
4.1395,43.222,86.209,129.29
4.1403,43.023,86.181,129.28
4.1412,43.12,86.192,129.28
4.1423,43.162,86.174,129.27
4.1434,42.823,86.164,129.28
4.1443,43.198,86.199,129.28
4.1451,43.054,86.179,129.28
4.1461,43.082,86.193,129.28
4.1472,43.221,86.188,129.28
4.1484,42.952,86.128,129.26
4.1491,43.202,86.205,129.28
4.1499,43.037,86.181,129.28
4.1508,43.11,86.193,129.28
4.152,43.199,86.177,129.27
4.1531,42.828,86.151,129.27
4.1539,43.204,86.198,129.28
4.1547,43.047,86.182,129.28
4.1557,43.103,86.194,129.28
4.1569,43.248,86.179,129.27
4.158,42.823,86.138,129.26
4.1587,43.226,86.199,129.28
4.1595,43.037,86.184,129.28
4.1604,43.119,86.193,129.28
4.1617,43.233,86.169,129.27
4.1628,42.716,86.149,129.27
4.1637,43.174,86.242,129.3
4.1645,43.024,86.165,129.27
4.1653,43.114,86.192,129.28
4.1663,43.118,86.18,129.27
4.1674,42.978,86.179,129.28
4.1684,43.129,86.209,129.29
4.1694,43.229,86.172,129.27
4.1703,42.962,86.18,129.28
4.1713,43.158,86.208,129.29
4.1724,43.225,86.166,129.27
4.1733,42.961,86.185,129.28
4.1743,43.183,86.203,129.28
4.1754,43.226,86.153,129.26
4.1763,42.9,86.188,129.29
4.1772,43.215,86.199,129.28
4.1782,43.098,86.16,129.27
4.1792,42.981,86.195,129.29
4.1801,43.196,86.192,129.28
4.1811,43.058,86.16,129.27
4.1822,42.888,86.202,129.29
4.1831,43.239,86.19,129.28
4.184,43.021,86.169,129.27
4.185,43.027,86.204,129.29
4.186,43.21,86.185,129.28
4.187,42.985,86.16,129.27
4.1879,43.111,86.2,129.28
4.1888,43.102,86.18,129.28
4.1898,43.022,86.186,129.28
4.1911,43.217,86.233,129.3
4.1918,43.009,86.17,129.27
4.1926,43.135,86.19,129.28
4.1936,43.088,86.179,129.28
4.1947,42.945,86.19,129.29
4.1959,43.329,86.238,129.3
4.1966,42.962,86.172,129.28
4.1974,43.15,86.188,129.28
4.1983,43.065,86.179,129.28
4.1995,42.967,86.203,129.29
4.2,43.003,86.173,129.28